5988
22675
17214
10223
49774
65702
355
5434
51142
3573
67181
78395
8231
67618
43954
55279
15046
36402
358
16654
72963
31405
20865
9625
45066
8548
53568
95871
51183
96181
44919
51686
87419
76089
16368
90683
64358
31045
83998
72422
33700
52121
69890
17160
27465
56570
27224
14004
89760
67832
53259
27059
17345
27330
89754
60300
98015
59766
42265
23681
36211
82334
2149
10390
28180
4611
88052
33297
50849
30417
42497
62407
1463
33632
16836
27993
20538
52605
12859
57007
98615
9421
77373
72257
11649
61461
82870
91966
53793
22787
80828
88687
45698
69832
3151
15800
99626
17008
48441
58480
59447
9532
70380
26889
8978
69335
80527
44262
106
82286
45680
72411
92461
31000
62269
33407
16190
1524
76185
31454
58334
26880
84767
88216
38926
96012
3637
88942
55402
46689
13014
39070
37889
8619
86821
37147
68781
71293
88454
78548
72126
57967
12564
4167
98815
37875
14627
68095
60200
72787
17413
52283
46016
77395
15511
90394
92714
64140
65982
17201
37079
52024
55282
80975
926
84297
97284
8298
76637
48946
77892
23190
68907
81812
40658
32925
62458
95443
60242
95536
87556
71196
89686
33342
47295
23558
66793
45856
1831
81238
28226
14393
55910
91862
9156
27227
72504
29184
11665
4266
49038
12446
68074
40559
55489
15306
64087
60670
12010
58327
39964
92262
56209
62684
82704
52187
67398
61406
19722
18608
68790
88931
78069
35307
29445
50694
94033
18336
93779
37250
61625
55127
97169
41610
45420
11384
30497
71239
17021
31874
93825
20570
33306
5218
49929
88419
70806
75211
88007
22052
70688
1327
5768
94726
25570
2401
68208
37595
57259
70169
86133
61001
63482
9438
31992
49977
29114
12314
67626
54297
14542
63414
65015
32957
2433
88042
83707
38157
66669
52468
43424
12999
80368
42432
15477
52464
93760
37788
53907
568
10659
77785
16024
32680
7409
22544
6673
58706
25754
48199
81232
76598
54152
96880
54527
43657
87448
72788
3100
93427
2118
78134
46982
35488
35235
29422
27873
51879
96384
75783
39562
1904
65118
9803
32328
78848
33442
12380
31021
78851
87675
22267
75604
18524
8220
63045
37932
17067
1851
25563
52764
66804
82245
67205
24401
42336
58157
93740
40274
81515
2722
67160
94853
57866
73909
21589
55562
22158
19599
88122
80527
95358
69019
66533
40155
21057
86727
83694
49639
19924
95849
6467
43472
82569
28010
53114
82179
32102
34722
9369
71087
58987
40033
30730
82180
24171
88132
79582
46307
5766
916
2894
72645
20387
5950
47921
7787
93588
91330
53778
287
28334
6722
70822
29600
85608
66060
13323
19350
36011
91270
78520
25466
93158
46175
60652
1538
69272
71683
91974
53314
95920
98116
1896
44201
9000
67503
40028
59802
64598
31137
33812
28230
15534
27735
24440
98850
10004
30812
97198
83312
35923
66886
38850
74891
48482
11048
91236
532
86966
86658
76743
18142
74298
27748
67576
92184
71702
56351
51420
56037
35498
66402
27251
47838
39374
81581
46917
86833
1553
80863
64670
97307
85217
65186
79191
39374
74291
20590
76440
90032
96877
5901
27575
24836
13138
39063
78368
60748
73319
50515
9377
78902
62841
30271
74675
47422
69544
1627
52012
78500
5626
51485
28631
7776
64125
17154
68434
72577
7682
71024
90146
96356
50686
13548
25526
15358
50857
43506
79517
61075
43602
53044
81258
15604
71190
25602
97900
97156
64585
76469
68481
67374
81616
77600
39489
63549
60950
14130
47841
83688
72927
10633
20202
67909
37678
42938
26142
87618
15082
12241
82799
51388
31461
26010
59089
43125
91652
47440
59287
73235
31375
36992
34260
97689
97272
62628
16870
57649
99073
21571
82982
94192
75995
52265
65272
47296
88319
65777
17669
74298
8326
62538
81370
88844
9646
90447
32821
1968
98843
35786
40269
94279
62477
97567
69602
77500
7216
33628
6712
85632
94543
46755
14989
99865
66469
11612
79684
51222
21155
22942
72566
52849
5117
970
65360
84149
10772
32244
76004
8355
48801
73982
77245
48368
54423
51373
11951
83069
29171
51700
99536
63557
69772
43816
92922
47948
46519
30114
66907
79968
16015
12806
3050
89348
75813
57411
31285
77358
80181
84046
56609
61867
9992
95404
15229
33287
76039
81066
63447
81646
59376
58095
16525
85471
79952
41559
15417
36135
33863
23579
4791
69103
13407
51742
26500
50198
36004
48604
12352
83223
50598
14949
14542
64725
12914
36774
35600
4923
95690
64988
38070
19270
74222
99097
91639
33750
53306
88793
11908
34088
12693
93640
36168
49957
89127
5053
79297
50744
45476
56448
91063
12883
45223
9035
31009
65587
88061
74326
76494
72283
66437
40315
45275
7223
89472
77952
54453
56255
54625
49910
54185
84593
86350
80489
1050
93511
50116
85888
4612
76006
62389
24382
65449
24050
78820
51884
69382
21401
90601
60765
75455
35269
90200
46321
30606
33010
49350
90527
59924
36823
33858
41523
74827
28716
92185
75819
21568
62333
70199
37002
79240
54008
17504
92810
21030
6815
51271
1717
59438
26293
98494
41239
64401
50281
51175
45434
1835
75752
88848
6828
76522
52998
24853
38638
32042
54460
57146
47582
46276
536
89079
1860
74859
32534
42316
68417
3297
37387
70733
25824
9168
26864
30950
54487
83588
16872
5985
81892
36774
23457
65606
19435
85778
96604
63711
36930
82961
74233
31206
97481
9887
33366
46897
98427
413
14779
31187
1149
51074
71274
91992
71725
11023
43429
43016
90546
22411
99267
52105
60411
86765
32138
17285
97024
31269
62669
78357
14235
17892
59330
12824
55140
32083
82086
29900
32238
99315
88997
38001
74436
89703
96868
88893
33252
88503
72071
77126
5678
98029
12399
286
79234
92471
98815
52842
40372
6789
80916
64125
15405
2163
90992
58181
24617
29484
35726
31929
58173
24728
62882
76697
989
46917
35209
88197
47658
76694
84173
3294
73754
47418
94569
15855
28609
7040
33084
81151
8500
91364
6322
87186
92449
70396
89959
7016
35775
82135
70862
62689
21683
40886
93636
20043
40200
78283
25077
12045
32140
91109
98640
62876
70505
81718
55426
43692
95087
54056
55160
29987
5681
48926
61808
19106
98761
73948
47614
79729
25781
36722
70141
27478
19518
53250
20775
11632
26635
29871
93471
30545
26175
71666
13500
39418
44512
35707
84442
59967
97605
49155
23327
93309
35771
58749
97027
4557
23327
31860
77091
29735
62238
97752
99922
83630
57296
81256
23598
88984
58301
80081
81191
27848
2887
5684
68196
18789
89505
10793
62648
52049
88989
36065
49446
84685
6410
66109
74828
66542
70021
73043
47018
42691
10723
89810
46409
96523
38939
49379
26129
7079
11554
59187
83096
34162
11507
19677
64362
40137
31694
36634
14413
83163
22121
77472
36752
1021
68596
99152
65353
17739
60082
96802
89423
25042
63503
93031
44070
1696
62082
81851
72179
10278
73790
35503
51171
11568
80847
28353
78638
88695
1197
98981
17604
29367
1273
58715
84150
34662
98563
49504
22723
77864
50999
93626
44867
38522
13465
34827
59353
45273
30686
70012
36886
48473
42825
10426
23957
57829
53356
57294
24706
43599
4271
8650
33436
49424
84913
42304
77667
38165
46961
69552
24332
36878
58775
51815
16204
44165
36785
2644
37138
25106
67424
46063
41061
12712
21777
3424
23209
25740
75145
46174
18489
58052
25202
66229
97737
13419
66108
28557
36928
53243
5146
59849
69121
18429
83105
42347
39409
3762
44577
84781
870
53590
40195
81205
398
42806
912
25767
18757
94341
40126
63875
59144
54129
65740
46462
45705
59165
33594
52198
30822
21215
32452
66395
92390
81672
21411
94326
61655
2669
29868
97011
2943
30208
90013
93903
99531
58575
84701
61706
92188
33920
19116
66139
31953
798
64182
28377
66986
34255
35025
90305
63571
85513
13257
72022
1902
46044
71921
9628
16247
27243
98163
68911
96073
2567
99263
34529
1566
64683
13333
36457
84201
75119
7038
63674
42205
24004
94085
57261
50608
64171
97123
20055
66412
46892
74537
38306
26382
11756
62488
47115
95267
81912
38746
96907
87976
55378
72437
90087
59100
22671
68830
68080
42746
77649
28523
71535
80502
23556
13289
51831
10376
86730
47844
36049
41318
22526
11808
16429
87121
17407
1990
36165
29082
3848
28612
81842
74787
94431
5475
78396
8197
88842
81857
42326
58695
62596
742
14855
44451
10780
17368
92094
71219
38628
83044
73930
73664
55007
75968
51630
68545
93516
31146
23888
1063
94755
44898
73730
97118
10443
98562
12109
4633
95985
1098
97415
34884
40198
13179
18798
81273
49221
33188
35686
9956
11043
72289
23643
32564
71757
33311
91936
79093
92048
91066
64723
58281
6076
84950
38809
46185
73618
51932
58737
65441
59058
61194
27201
19867
67021
32991
8453
45264
44729
72448
543
79186
91264
32520
48352
62626
51640
81483
64453
90416
37382
15676
5839
65824
91469
82038
49184
38840
28145
61104
66153
97203
34522
57924
59819
55254
31418
38004
20890
34746
2480
61871
99333
98877
88802
2233
94319
96116
86419
1150
31339
39479
2744
25587
94464
52232
86950
52450
88925
7135
54330
40167
25034
76006
63103
14125
45386
30989
29815
68210
81155
92712
96368
17639
95795
14876
59354
12105
43991
28329
43690
95429
20866
6581
57994
65732
55800
77532
96208
62889
7241
60253
71728
41220
77499
32094
49088
4637
96761
36936
86524
65490
52981
13385
80438
71096
85197
77417
61464
28048
83943
85724
76836
26262
97447
83874
22197
97265
36973
9422
26534
46104
88755
63481
20699
35604
93398
67128
20220
51016
26077
56142
37725
55877
82604
68383
31652
32373
99509
57462
15621
55969
1606
97342
63019
36942
86850
81964
30936
50744
51315
76989
30168
60053
92605
47211
50725
93349
22178
88041
25095
84742
76332
70422
27763
80910
93536
42592
63659
96194
14001
31108
75424
63963
16635
8858
44335
27897
48895
2283
37998
81473
43213
79008
58214
99288
23856
29243
95814
37926
39891
86730
79259
64058
78222
26138
89625
72594
31304
86684
69802
10975
1754
36405
49251
19349
45763
70714
56360
76555
16986
78325
32728
15781
22219
45400
90083
26832
98984
3588
92862
72204
19419
13012
63997
41722
81082
57308
1337
8642
23799
92326
89923
16003
45582
65934
23468
12004
30355
6895
45712
67165
28971
35751
17840
46905
66859
33400
76746
99330
74288
41743
84027
31734
4883
63715
39157
92140
78371
51091
89684
16592
4675
61764
39408
33246
78873
48979
79608
48947
40549
81051
92020
66679
51490
30083
46021
47286
22917
81539
54545
72097
13936
95538
41847
62345
13935
59053
54706
6327
38479
27553
17296
94726
79914
97102
87484
16272
50707
70310
77047
7335
76539
22007
1507
64644
87212
82646
58080
29280
11141
6960
46895
85619
84303
21131
74927
75757
65847
52620
90946
93070
15802
75831
27138
89833
79501
13783
52374
55217
55543
31124
9081
73152
57080
9773
29258
94933
10535
76689
82981
76200
87984
72268
3437
50615
39515
32445
60920
82074
98559
83459
60495
30421
33371
21378
22864
23590
17066
98314
55996
4562
94089
57697
86650
68094
60019
29952
1009
77039
86406
76345
54439
2088
12037
25240
55398
3626
71714
24805
92419
44115
91041
15483
77388
19774
52113
64975
15270
48688
99144
57762
90794
97979
61005
28333
48458
72666
71291
89997
73831
76404
96972
36921
88008
37097
31911
30161
11590
44546
72729
68277
4039
76919
13247
91279
82246
86211
2528
90597
69096
64922
95882
22521
58633
64562
22002
81878
10498
3567
34949
3812
58888
57752
4211
51025
49139
44338
24826
61848
6745
92847
30297
27717
36462
84502
57998
56151
33590
3772
24060
12714
1641
49259
91663
84482
74593
64259
23513
10540
38471
26637
91271
75027
67297
58687
56789
55199
94502
18859
98004
33570
7594
41299
99105
34283
7361
56119
76270
46516
7482
92404
34219
52504
63078
18339
43968
67525
73145
64910
66728
45710
59934
66706
15993
62520
61146
42351
34783
89352
73523
96715
86838
17499
88984
2891
22349
7590
13934
88364
46088
40358
97903
16348
21583
69666
80205
25151
3942
13456
16765
8986
15702
14145
9677
60764
1610
48359
11805
90358
73303
1178
59312
20581
43102
38916
41901
76424
1386
13891
11576
84661
40763
79942
6335
83859
49466
80367
32685
98730
82547
87977
22657
24861
60071
85987
45536
11954
93982
7630
47332
75429
8584
76801
17870
11174
8464
81199
90188
25687
11964
34203
54107
30817
83618
92044
15875
95180
3700
23505
88708
70509
36781
12249
58030
33410
80663
1496
11706
23931
41893
77888
90530
37882
28261
974
51811
70218
48815
5327
54284
11376
69998
28675
42445
35254
93098
96892
74248
4774
87461
85536
16352
93528
10295
71320
17986
45183
8168
48979
31887
95535
92903
82853
3070
89074
38884
50222
54947
66798
27745
93160
9702
69906
10921
91891
7769
96968
35943
36001
74715
53886
20906
47552
93909
10226
25941
50023
26458
1975
92607
89890
47779
64409
63949
34801
58217
78424
61478
96073
99923
88919
29086
10615
70422
33810
22575
554
842
87918
16624
51584
17106
68364
15563
93884
32240
97115
29731
41410
90883
59627
25130
30920
21373
31458
80
15452
69849
75408
35722
60137
12090
71293
17511
82697
55563
24636
22091
68462
48103
47818
78549
67789
48650
42224
49737
81359
63881
71920
15734
16944
52276
37630
46863
31519
15406
80863
9331
9802
52719
68555
41372
98948
40342
25869
52781
74129
34044
11218
25844
27705
47299
80395
13987
61644
291
6978
62861
82113
86789
32893
43438
22653
82712
7467
18561
78301
82299
37641
57118
67570
30485
1305
15288
11972
56037
76082
40706
83840
1317
68838
34481
95868
76421
96065
73479
56294
74032
42561
26008
24415
16962
40668
34637
635
95573
47062
24337
39294
20702
42774
78479
76603
40798
53029
14669
66463
45891
49601
85058
57930
31898
98094
55137
87725
23428
44991
67836
89299
80438
4231
35919
87563
6370
2974
91155
90298
859
7917
18098
13314
55711
73755
9138
60611
88910
68611
49011
15169
86159
69977
51788
19833
17067
88145
72087
75980
80450
22831
3063
48610
48770
40200
95373
97341
85206
97169
25286
62929
86588
95940
4440
13655
58526
81005
81300
84984
38858
66848
89709
98219
88069
3251
33479
63632
32056
32034
34286
27111
41536
87187
61573
26461
40452
70241
48185
14494
43342
90733
23088
35500
49485
18146
18308
70576
4330
34235
37698
79141
14902
76585
41969
52306
79131
3317
83284
64522
27236
8650
67403
63768
14888
84214
21859
90611
46181
73774
65388
32431
49644
41742
77640
36285
23842
92596
36167
31975
45934
14846
5428
142
40424
59976
58981
19217
31899
7676
81870
15657
51483
12156
81662
89907
82383
14420
14866
25680
29871
65481
71322
69135
22811
409
18001
71816
2871
56022
21745
9406
56401
17566
56751
13310
12131
61150
40758
41752
14322
28481
93862
52015
92594
10168
57084
63942
54601
86378
97931
537
2519
68840
48625
59013
80855
49891
30233
66923
97770
43489
54267
50302
69275
19331
49612
94921
82349
49648
45377
10652
20770
35626
90909
90886
26777
31512
88005
33127
77942
101
14141
97278
16079
53955
86003
77516
75380
60101
22157
51688
61607
14328
222
2022
13024
24523
34310
60649
95459
62925
38704
10812
59002
4637
12834
72896
46236
24200
61071
87130
40956
10296
6287
27388
29597
93722
47521
699
80019
11370
6536
61523
68432
30900
26176
93991
58064
7374
58629
94922
74791
61711
36247
1172
24204
28550
84860
91731
57552
10999
68359
92483
52120
49398
92376
17772
17392
57106
16991
4403
73665
62836
36186
85532
46088
95117
32844
59667
71675
1621
92578
16305
44987
74404
73451
77415
39580
56378
65270
7410
13588
86555
78451
39332
67068
76601
90008
94318
62711
36454
10891
23570
45183
15323
77554
75776
79344
82914
86426
55690
50454
13422
46771
60144
74130
97321
27999
39121
5464
36168
97415
40493
6260
86954
57754
27337
88031
95503
57324
29048
15911
33114
42478
72475
30992
35470
50343
27221
10149
73452
47908
3086
5468
12965
91837
14348
64842
94135
78286
88129
88558
16149
77698
88805
99205
52539
14386
36644
82712
86419
5604
37807
110
39887
57738
90152
91752
80108
22794
72852
1001
72092
61762
67203
6851
42873
87783
74414
92343
48806
95590
41274
31166
41414
38604
53975
7673
61416
88538
74016
52514
78605
53093
67755
8983
94160
43558
61166
99587
95552
69249
83119
95796
58305
32660
83522
1550
39199
72678
77181
80154
48640
9064
25585
6016
46707
37531
54687
14456
43655
47372
68133
928
32176
47712
36986
40435
426
89026
97850
75924
23680
53089
10678
76246
94667
51692
84319
42408
83957
74273
93122
21599
26889
10550
90932
14113
56431
63617
60365
60528
17368
12690
92294
64063
52591
35085
77589
21704
33688
42753
21822
94607
61661
58926
25361
96568
95412
73089
19778
59203
12725
50989
44663
49309
21024
5852
61234
29411
32544
52823
28690
8471
2288
26361
22439
94932
58773
21881
60167
93314
4539
1507
14241
62737
3738
17281
68224
21491
23733
44873
17365
73905
92661
91122
78561
49750
13443
16752
17805
41378
64526
78494
91930
26921
53990
88896
75325
89889
59057
97702
86318
53511
90065
53735
8865
34640
37168
36907
77556
34325
5617
63346
50842
38805
58886
43333
73589
24823
78658
97346
18299
92190
59687
15959
65653
17555
86934
5168
12524
47004
99532
3339
34175
40556
59504
50702
76060
95351
23505
72661
96332
31125
69411
11502
9703
85332
61729
46026
29857
37040
34040
64587
45474
30623
76019
30780
93040
78503
63246
63550
19657
3393
91808
35310
77309
33683
24088
27491
66853
69646
1981
12416
75852
57310
97677
81424
36671
38737
65480
57884
72120
7937
9223
99652
56486
98639
16877
70993
17723
17838
8981
88740
20836
28005
47395
12024
12634
24528
42952
50419
26216
91524
46769
4694
73875
27542
47071
5895
96922
79789
48516
62479
61099
78920
44737
15272
60370
20964
7332
5725
6388
50510
79673
52243
16194
3568
86560
96555
71698
96737
29897
62714
86249
55753
98707
88403
55681
81316
87711
99525
70310
72322
53197
18806
74358
91285
68001
44202
97766
20047
48148
87767
12396
3150
44229
68956
21649
60570
19405
34398
27183
3391
71363
55966
80153
32580
78559
35075
29205
69036
60919
76631
11319
494
58353
15099
69812
66961
57655
69559
23142
23573
14019
67456
23036
64452
96269
7100
41927
53537
14820
22377
16371
52044
50489
19714
64746
36218
6689
62332
72121
30905
63618
41451
12483
7320
64250
25462
91090
26968
80728
86437
15431
26207
8541
67446
22986
35078
87538
30248
47975
89263
66116
91549
26225
65324
7869
83294
49355
84649
4768
32639
6318
95927
2573
16340
94878
24363
38326
8814
3248
57489
35521
66836
18130
3420
7172
76124
82013
4927
1013
56657
62378
64430
83711
51011
30658
96342
35841
73400
6816
74813
75967
70128
94412
32895
55258
76823
82355
2689
8511
62579
79403
87406
71204
91705
10669
89595
74859
48973
89925
74520
64461
87759
40679
84557
56072
93331
60790
5391
26290
93932
16178
83283
16202
87735
36878
70000
24923
24583
99068
78810
13039
51374
51440
56572
12401
19195
37518
16167
79606
67407
58964
94627
69407
13103
7955
29289
23251
46787
56784
88709
5377
32526
36853
62885
14496
8256
19589
69466
59852
93869
1000
31695
37185
59504
17540
87289
98707
35741
10995
5925
41205
32391
71100
48441
32574
19166
85399
90980
98593
15416
69169
4577
8305
99109
3393
90292
14768
40391
72749
41079
71613
32515
86980
63911
72131
8785
90000
40127
34097
96534
32954
50874
5408
51230
52184
9792
29758
18401
61945
49417
23184
88036
89510
31348
60703
27493
12460
79859
88886
37171
15289
16376
28090
94554
20243
61740
53720
46645
22009
79387
43755
24090
99639
47049
79769
8585
68357
3592
7345
32459
40491
66742
9842
84502
14996
88407
26792
27293
52475
39689
17496
19031
89957
52311
47537
23109
35448
88932
18614
49010
16378
82608
72155
32553
82616
74310
1172
68115
43684
53127
93659
80891
91226
26721
90915
21494
58094
43400
37626
11196
83794
99498
42259
78739
80506
74411
16565
62489
27514
43393
81592
91479
75711
18932
51180
29743
68120
21942
7388
86934
22404
45339
89642
64298
97186
59492
40468
93892
42756
19907
84321
56406
97598
6627
25647
90189
56442
95763
34415
83486
1330
54052
63656
89853
31575
92634
38410
72364
6229
16699
50895
27427
18675
70662
5040
1334
26388
39971
58353
5931
28686
70197
18916
90351
33132
25394
76386
82887
86642
85862
26694
46291
78784
8104
87185
61077
95903
26475
64197
80950
97750
55369
67193
49321
79799
13536
91134
3488
25474
85480
1448
33909
10405
83582
87203
98637
2893
46377
19365
4311
65737
82500
33918
4754
81737
58189
35983
32378
22356
94137
3055
19226
86860
26856
96420
74649
98040
92016
90758
33220
6760
52177
35190
51372
68738
90100
62426
85366
38427
94994
92879
26695
55606
73175
24250
35313
29441
82355
66237
16426
27262
57302
82349
90855
62547
68347
49978
15614
77787
23053
5580
1062
30083
37191
48728
62946
80329
74430
98008
23500
52295
88177
3545
20258
13601
23180
89289
10507
81261
88916
27026
51378
58656
16569
19601
60265
70869
62021
83034
18051
34442
50811
64958
91096
24295
79455
64844
76903
51103
49987
56931
91464
37360
21539
82518
23194
20361
27581
75626
29558
39600
1603
16352
53374
35849
62409
21373
97142
36613
69194
73768
54678
58589
15340
53742
59069
61973
31770
15963
92692
29261
18486
6121
13477
45932
69107
55722
94942
68683
34939
86044
48488
22512
82718
86032
4458
638
7320
88065
85237
94135
13223
74980
66342
15081
27489
68245
21759
38898
91269
81017
14619
86917
7346
3048
52718
28112
81754
45620
2355
38388
19954
45361
36278
81073
66045
40350
32462
81670
20130
77579
62666
71248
77433
36187
74757
5969
13167
87154
87687
8168
6959
71758
69169
24838
14969
54930
92492
56693
52579
88758
91811
26186
62188
4094
31469
37907
22319
86574
71960
72416
36533
91736
82160
17201
25657
49203
2245
92684
14129
49386
80716
90735
3639
14624
68035
31656
88128
27543
65937
76235
65700
39641
75654
46955
57054
60046
58410
41525
53229
11391
26447
84374
82350
84629
211
37454
2856
99345
48247
99185
84806
86545
73783
30483
75293
89229
61930
59474
10028
19560
51370
35849
61117
90522
25143
16857
87761
87573
86642
32894
93860
11380
78907
73886
59879
22147
93810
78507
64835
13466
80053
58210
7233
9331
78984
23704
95938
63397
90313
36948
91608
71597
70841
78734
36251
96932
41664
11176
25311
904
11876
34431
99598
4759
55095
58656
13574
95590
25038
512
32164
23365
73499
67550
10951
24369
4005
51295
91203
19221
32142
82556
47129
54070
19821
44664
5068
36514
81460
71900
41373
7688
19457
34608
37082
98720
98980
84180
57725
6405
74892
5783
47271
26287
93302
60579
14447
41393
25340
52086
89800
60807
26330
30897
54530
77130
3057
82503
59998
85221
86576
48940
72141
64777
33660
36244
37992
60618
33216
87826
19424
3077
37361
7469
46530
23472
46132
52829
34480
75888
333
40204
72697
19954
61745
49762
59002
10818
85970
54098
70602
87865
9754
10034
24198
64960
80805
7482
11674
74504
24724
17377
23608
91101
16834
87452
68519
62249
45235
794
48162
72913
28359
2418
38093
88306
75839
61651
63966
51285
80834
46522
86224
2597
55310
9860
52885
65044
12514
1464
50658
1701
91555
91346
68926
91129
486
8902
12106
49592
95081
9524
52785
11317
26927
79839
62181
38413
88396
50609
72230
15595
20682
60104
99494
1247
35585
51273
7217
98301
53757
91854
33595
60625
81840
20949
3415
35413
27795
82656
40804
41202
52990
29036
84731
23425
45645
78332
48461
93740
85664
81492
63778
31555
4344
39678
58240
58925
77267
78223
62126
58977
10408
94354
66741
69668
55579
75853
62269
73701
66065
24786
6726
35374
3396
17529
66811
92641
52575
11577
52189
58096
89380
82333
73813
39981
65933
67535
84934
48324
78751
73890
32454
23354
15974
69507
97462
61741
56036
90111
14515
31442
50268
31894
94919
841
47154
94657
27020
63973
19398
96281
90513
31971
17409
43623
65591
28118
49907
69174
61146
74286
4504
7577
62601
9316
31651
80105
56652
15739
82473
10152
58245
82483
32607
53774
8147
92195
68864
40028
47705
96317
16943
89473
50545
46546
76845
52768
83257
23643
94167
4933
84704
21405
15756
8894
96251
73848
6313
92966
39683
90512
35555
3509
24032
91238
49512
64227
27404
79946
80457
78567
14405
55028
20047
80958
25958
48484
98371
1545
58724
30835
92143
97543
10939
64977
69456
27324
44896
40793
27233
30382
54891
18967
97519
33616
69259
12510
76861
88638
4514
3131
86633
27414
46614
73751
17947
77099
91694
26925
28998
61227
79786
89364
79834
52226
21284
32057
35820
16738
52825
63561
39620
71816
20587
61487
98252
42403
97132
86289
82809
51228
62287
39325
17376
5779
29116
86077
50144
22799
52570
86552
25938
92751
53084
84411
84279
55391
24499
83057
35154
44887
25551
85287
3084
76257
43824
51513
3002
79341
14200
66314
60830
19395
94748
29351
60383
61456
44785
63127
24758
14115
14015
50611
68369
22288
85850
18351
92370
88032
12213
88446
16353
50785
6101
40445
47522
13892
88713
23422
44519
83690
98324
44633
11987
11748
17429
66871
2897
36087
17970
37213
82131
18692
95091
53270
75704
87358
3733
90511
88795
21056
37256
41420
12323
52078
54501
38234
71648
90154
89628
17797
13992
93307
57794
41009
11286
58202
38430
9384
31991
64823
93644
53981
17607
53645
77946
76103
97156
79119
32079
12313
81486
31373
37073
20500
20529
58371
31623
73605
9842
50982
67853
50886
20596
22419
58430
46472
95675
72104
26214
13531
87897
590
93887
85746
48704
63476
41246
58932
61926
27817
54117
64826
6071
81218
16675
13060
7206
95623
42848
90135
9503
42681
61082
98192
53441
60415
56599
45435
96944
40813
85630
48146
59661
12122
52360
11528
15993
84498
62308
41806
42308
60348
22888
20337
49937
68256
38467
61807
34664
97884
13858
27578
77658
8815
36954
34000
81399
93748
67434
57870
52449
2685
95953
21427
56951
31309
26872
75048
41033
50597
48303
679
82587
37182
17623
21899
49467
80233
65739
1267
19526
9024
93070
67322
73458
98951
95526
51146
75803
92944
50895
21407
73902
25677
8428
14172
99927
50995
11790
76142
72291
35990
11849
25006
82896
28727
54890
1816
51216
4475
78265
83551
61343
95058
44170
7856
36613
28286
60025
65963
83294
36554
3977
69023
85051
2160
96936
55711
42737
82640
48562
16939
83373
16707
13920
41097
25780
18512
71078
28382
98603
91116
20841
99634
85783
76559
66505
55674
96004
80936
683
14472
21009
79509
42406
29135
59797
5381
30827
37236
64733
6659
61420
56799
40014
56249
12283
55004
9889
90613
89522
6918
80298
18244
91855
99140
46819
14694
35489
69768
53748
54464
52849
45683
20544
60938
33174
90508
18136
68745
13135
40991
8187
31124
10758
31396
11490
70144
48873
34974
85606
98283
48877
46433
79540
61530
32397
33662
39744
99104
73992
89181
94749
315
73055
13591
53576
27598
30087
30360
13200
70850
88709
85956
49751
16785
43221
3918
6397
41330
63202
71623
57847
68566
69036
14940
42419
7709
57005
97777
39595
91081
90073
76798
6138
37006
48047
69243
3694
70147
57626
34072
10047
60026
36708
34027
12361
75363
82049
77936
26536
7909
95396
9893
42834
14696
28101
18901
79389
30589
30829
10388
97616
96694
57591
77810
65408
32141
21980
72286
13441
69643
55741
4482
48310
36206
70505
26802
27660
68085
8382
45695
59452
34813
82476
68560
86652
35201
19862
65644
50105
6165
25465
40637
12960
30621
94624
50117
38040
85562
47724
25110
61486
51825
93821
51459
58726
29137
39214
53312
1817
78004
36600
86947
16282
5651
57042
41560
42807
86509
79450
71755
31001
13438
1960
43633
46367
24943
91257
35687
71034
1895
65270
680
3124
54305
6934
5249
50417
56644
79983
88031
99104
6330
85521
87299
28941
84316
54092
35309
93414
93528
52508
79883
5140
94631
78226
91929
29653
52832
44948
16280
74823
82997
6409
4895
92570
62510
84914
32740
11089
38342
76191
32638
67202
53
40717
42073
16899
83409
12399
21833
12323
54994
29908
53844
73403
21733
92759
69942
78701
65371
23261
14007
99811
70370
97908
4082
3189
25785
92441
4346
44745
30657
22353
45834
47071
33833
9914
84145
91302
46025
32182
21506
51918
36735
80438
80301
96153
20316
67250
64623
73291
95697
92871
73590
2831
3800
49173
65790
96105
3252
99063
62368
20081
72887
31038
17312
72402
48382
38997
69547
768
73037
10106
530
8869
48684
78397
3961
76997
9386
12466
48129
72753
9345
19291
79741
29645
7638
10012
17103
78665
36410
8783
53860
75172
32464
47994
26248
35173
54551
99874
61093
41010
78348
5887
32576
67190
90386
85786
64687
35471
41380
20866
51888
42425
43152
69237
72660
94408
95407
63979
8213
8821
6751
10492
283
3122
40415
26547
20386
65412
4751
52904
20953
38010
87491
75762
68642
4649
13519
7488
76998
5343
33224
924
97902
47209
18316
5087
79975
88300
5538
82068
68952
69469
38810
81257
61405
1445
79994
25220
44733
68577
44677
13300
70122
21567
89410
9067
27390
97096
61991
74187
43091
42742
6608
55602
29542
60913
17793
80861
81230
30610
79922
63859
1488
24768
23767
40203
83205
41896
87513
79557
53970
29607
58736
12256
26670
83227
90053
9597
23853
47070
47096
41517
6568
47538
26836
43054
29060
83867
12518
65129
34711
66871
6129
55169
70608
25232
50460
19191
40078
18448
30890
57145
23801
79179
4951
22090
90355
68004
42663
12090
43057
26252
46311
68563
70152
31423
80874
49765
6559
17002
31224
52716
51256
50673
85615
4002
32405
64356
17732
53521
41700
29448
52030
16684
48802
56070
91877
34571
43120
20148
82677
50974
55167
80749
32539
34036
89321
78021
70025
55409
41658
49090
56516
72047
99245
91071
24372
39953
11012
44422
7713
33024
81571
1321
43003
13760
26035
3414
77766
33322
57002
65692
99870
21309
13774
1993
53621
22567
61172
45031
61564
22832
18093
29031
64092
98110
94014
28542
30389
97576
71455
64421
92665
32884
14408
32752
31143
54423
83756
72490
76808
88625
86576
24290
78660
41973
66920
56631
20527
5891
12612
9242
5062
29231
21621
64562
21029
92577
2648
72145
24313
37698
32999
51502
68881
22579
9342
57792
11094
98757
80391
84659
53360
67412
12141
19729
58230
83866
54622
76053
39175
73905
91354
13325
5022
91493
31233
42220
28823
58805
66394
78417
82950
24328
25294
94795
89933
53530
120
82896
71359
25900
3667
89548
58255
54491
44560
28936
63135
42958
87624
18429
91232
35459
28934
69438
52791
44757
3986
82248
45825
6309
55045
80777
18430
13038
85544
13290
64755
88878
11889
67325
95985
48333
33401
63937
80748
92511
12173
74837
19059
88411
56520
16371
16273
17012
59486
24520
63693
66247
39818
28386
11551
17041
96124
64733
34266
76021
62460
43175
91341
21068
45746
17506
11176
79901
94383
40888
54542
83719
65833
69567
88021
4569
3998
6007
50086
5889
78591
64326
52398
66714
36398
54565
29113
27267
76909
18135
81906
59699
34493
23884
31384
78525
58168
22708
65425
3604
7506
85008
73117
87204
73578
41979
75820
17784
7494
60712
48294
54652
28661
97323
56520
90624
82758
1062
48995
78573
46606
79988
55184
18964
26947
32239
73347
98922
25421
31167
16745
84420
10753
46074
24520
12563
82472
26751
50948
94921
49357
68067
57782
13695
73735
21318
34362
56817
84800
27326
4165
21274
13098
54748
39957
83092
84811
42355
92018
28676
61735
8515
66974
58933
42987
34562
55054
84165
83820
42775
78232
24596
37391
28775
22199
13263
88571
13707
53048
24484
62338
90661
44727
20282
16401
41409
43090
61557
237
90944
45410
47496
60827
54560
65500
85622
34911
28514
12914
73855
20587
21992
77569
71873
6696
60425
89860
85721
33824
92817
15426
86639
29714
63141
93634
59317
14674
99433
6901
5225
15362
1423
9068
6324
31990
7579
53689
78637
20225
84570
37757
99318
26260
20523
52787
36566
91433
47905
54308
31746
20391
73072
99524
13325
56966
12357
61528
9386
16316
66245
11781
27269
40438
17697
12343
36818
59774
55621
30015
45744
52256
5491
20523
31925
69702
14476
59819
64775
19646
71364
24392
83294
26666
91583
42398
69700
97856
18995
22161
69458
59043
5394
9120
71878
24083
93692
98235
11983
76610
92917
46778
85539
53256
55504
29219
22182
55891
20905
65236
32698
65112
12048
61810
35737
85828
67929
94800
60210
62047
48562
13369
89102
31685
34452
45100
4910
25976
48157
87301
2519
2471
48152
14784
66592
36127
39128
70813
92301
27357
85414
68385
70432
8891
51000
26026
49260
41643
54131
72007
53580
44544
3418
99266
10804
4861
10749
2730
96625
76400
31463
17217
3912
14329
83682
35665
87279
74005
45489
45078
32140
62492
31720
38516
4633
56657
51137
24616
7660
6718
14309
31418
92520
3054
45847
9916
83495
14788
62678
82457
69282
89266
79694
18426
31011
68286
3528
50149
69095
12979
12810
45007
52857
71608
10317
19003
55605
75531
75399
13381
59129
96025
47410
49192
12573
66638
72696
79744
74267
15775
37502
50429
30687
94728
58693
77921
46085
44255
19074
44862
94767
99239
3865
38606
35828
41367
90871
50710
85078
71943
20331
79124
6738
79004
19339
59805
59241
18141
4560
34681
36032
7568
94715
96009
30470
60679
50730
30186
68488
90056
69411
13961
39725
71741
82526
92850
95050
440
38916
80669
78445
80075
3245
98918
33378
93139
19765
61129
79716
46584
94178
55864
69910
16343
50298
78768
63277
60700
21844
41169
99322
96122
13444
33688
85841
21126
35092
10281
44380
65762
76016
81665
52879
67468
90766
93113
86186
16089
2247
88111
56340
7666
72716
17689
88167
85144
50745
94847
15091
45857
17848
47255
17542
42180
34776
34321
71768
95566
8651
21920
37534
60288
46178
5747
89928
80283
76524
44154
8550
71665
77081
63017
14565
82197
71087
76434
80018
18379
4312
73174
94567
22591
56893
80489
14943
50799
55795
18016
39326
49729
12514
15870
15931
74979
38702
52917
84301
53195
68482
78368
85341
99004
39199
27416
70377
31466
40123
60028
82905
77247
68504
46030
27166
30957
83875
59804
8868
42506
22218
70681
24283
89752
75976
82872
1600
72871
32285
33599
78175
42807
7981
17240
15119
47794
73307
15118
75241
37849
71865
99559
65418
20986
32897
78322
28821
71250
94038
27702
23690
47936
43625
24850
58844
1820
51615
76853
83150
68615
79863
3210
93565
22420
16507
21122
6924
68404
58836
6747
3528
88752
50382
48869
80779
62078
95321
16221
79847
20118
9306
67068
51991
42505
77089
90088
51646
29467
61923
92080
5097
17877
10692
30118
31049
67728
28323
48019
64197
40218
22392
806
34461
81743
96193
3017
4659
73842
88521
82664
24385
35923
58543
29042
44762
13088
81873
69763
39091
75859
9773
91257
27988
52293
93172
13909
36163
29293
66626
9908
95683
45968
88504
67045
75465
73364
71402
64036
51762
55367
7347
11919
64918
28150
4758
12023
72831
71149
74275
80101
61090
23946
12609
8808
62044
53740
9680
91376
75019
80034
85426
36688
24153
88595
37837
3527
42003
74557
74447
28925
40776
3626
80934
52938
28760
77963
34169
98883
11690
68355
78839
61760
78048
76237
58920
19445
49212
29178
77383
38996
65669
38547
22817
93897
40424
7949
69300
52382
23500
46162
93197
54806
5167
20817
56767
79657
44541
83454
34523
6221
99788
14029
62633
71277
6193
76543
1142
75546
70655
99561
67991
47528
37926
61955
57511
99760
77211
53717
79826
88844
86111
11118
78264
72281
9397
25646
1542
20059
21548
53356
82206
528
83290
70032
12371
90449
98492
79192
97543
47700
57740
84547
10166
99885
10770
40969
32953
2632
29884
30952
59224
42253
71674
14912
61969
92461
88932
11509
40432
49992
75481
81043
99975
46457
62673
8666
24944
96442
25329
90432
76491
97333
24695
44388
23160
25434
64563
61641
21927
42974
52096
49958
61889
44018
25761
23796
5619
13076
85681
25122
52772
13757
83228
48499
11524
25578
10591
44727
93120
2396
34178
69940
34450
16089
41236
50433
12619
79322
29264
21313
24446
44380
15613
94463
18992
45059
10226
36156
63001
10838
7456
58180
94377
72195
23862
65817
44451
93154
94963
83945
61651
27679
25003
48485
93765
29473
31229
45990
6058
14063
41069
84452
43698
1414
5027
71915
30780
72360
59114
53131
22336
20056
9075
39208
18459
94647
98017
65058
58556
23706
37148
93235
32181
51042
81399
62729
82025
93833
1830
13337
41289
65028
97023
65657
35567
87858
21600
77828
43261
26730
8353
45924
81880
41437
56919
30977
2239
60298
24175
51485
35327
11715
79488
17514
48843
12671
74089
33299
93798
34457
61937
97257
35096
84215
53523
59753
41837
84229
17326
9817
42558
17208
60403
83113
50427
67751
76086
19730
975
36999
93709
13265
7943
64127
20356
37044
26125
46835
83216
11040
58304
56815
10334
97750
16919
29946
48097
3386
53131
64265
92311
97576
36488
59242
19414
78320
15303
25300
59602
77865
58916
55991
80836
92521
53776
4714
55295
20799
9117
4632
90306
89395
36741
53564
94504
36814
74730
51098
98
68681
48947
1922
3929
12385
85737
96260
11874
69939
79125
37860
28176
94536
97752
7873
7387
35283
43178
75086
33750
17059
33532
517
72403
95248
77932
86138
1879
28098
79078
94874
62598
51873
56703
14629
67594
40188
32077
13369
35559
21513
91043
2973
31952
77078
9459
3113
87375
73112
10317
62194
80197
52391
60387
73463
36006
60099
50797
15779
49812
15156
85264
93061
83348
39673
50688
27841
79156
57626
9724
84545
31082
55062
80356
55528
91526
78385
18315
70675
27313
11108
5195
77039
37354
74016
24174
30701
50203
7300
23252
87066
23968
23522
59802
89971
41474
61172
20381
71677
31790
30988
13289
28111
78857
49251
49538
1048
48514
23276
68502
30356
86741
45399
83249
70149
30761
79145
75598
14306
50497
17744
55636
83497
41551
98011
89818
51328
89870
96419
6163
27074
63381
4488
96410
68319
18718
27729
95673
33215
40872
29066
56660
25687
46615
61446
60517
79546
51225
13588
67334
97289
45645
75905
19418
82037
7655
43014
32099
77009
32889
28147
46816
23439
36309
57126
62550
46750
15814
89868
27713
88335
34512
526
52966
90367
15047
62347
52373
49174
31125
84660
98122
16392
44266
77487
31939
49545
18070
15887
35935
11188
24279
28955
47975
62776
63430
61441
47682
57080
81889
40424
53267
85761
63222
71677
32019
68706
6206
45948
4511
88525
96371
19635
24154
95666
62607
31312
81828
62081
51569
66893
1702
82385
23559
98927
48192
5772
86002
47794
24381
60533
95399
90119
35183
95300
22505
47422
70001
18967
65137
4026
38639
14282
38982
85307
79851
93692
72705
49777
90035
77164
1310
51907
29294
70046
96279
26211
47944
33342
23419
9224
2729
79703
56128
74582
29636
40759
53031
92084
10018
9876
70654
205
87920
26978
64327
20689
70086
14223
90844
29074
28317
81126
33098
11408
66376
55484
68474
98656
65679
95848
46001
28213
93242
94679
89459
16364
17128
33394
6499
48769
63179
78186
4540
67733
67661
64220
41454
44295
32852
98
93313
35019
29142
17115
35099
86242
21975
48115
29489
79486
94454
73771
57810
14148
30358
66919
95234
88044
27858
15122
30591
77775
26971
68800
92237
19110
73701
29908
61386
65218
88111
95460
37244
96122
1314
86903
51814
11592
75467
4820
37217
67754
57638
77636
22072
33583
89532
43177
52009
58129
29398
39866
1260
53103
92785
58965
82174
37492
13212
94365
22320
92965
97245
98727
48499
54274
74125
54231
66299
64279
12514
20701
77821
84448
36023
95409
46386
93041
67559
95675
77813
1846
11134
42845
29538
57012
33150
71756
71432
62796
79016
5563
18782
88240
83413
68552
67996
81920
1376
83718
15488
46987
12391
14868
99627
56911
82434
35864
50832
89218
17534
52413
13223
84889
13973
80518
39898
81867
518
55723
41197
19940
37316
94363
32408
8475
10623
29136
36918
54482
97887
37149
87156
67223
89801
5984
96545
12867
67672
53044
43146
40555
65492
39177
46461
97259
82238
48682
81659
82483
3244
55201
66042
98855
55240
31360
11213
62927
95636
87901
54137
79255
28905
98376
75748
90110
25325
27819
45099
44467
25367
49748
6041
21957
10906
60888
69792
17696
62084
22211
91537
37308
46048
62353
65074
30057
60042
99883
99731
61919
79387
5965
85682
89482
67559
41745
47969
58152
32236
91738
95632
25882
41032
91848
44510
21672
18259
91446
37421
92591
83743
63008
16008
41267
15514
77599
14432
21485
26201
9098
54858
54986
74028
16247
74855
22613
74432
31967
70207
78019
35807
19531
97161
46098
85565
83292
25772
12774
39586
50159
51425
40145
50161
59856
72279
55937
70416
70015
42388
90278
35056
11905
13397
35383
81505
90693
4509
37291
58835
40352
56773
84749
31838
56639
54022
23142
51198
60734
35206
10347
96539
69055
49879
79778
63202
37283
71802
43815
72843
93727
41266
95863
39758
73567
26049
64251
62443
2004
1140
14549
86383
29228
68057
46916
83751
79840
27852
43396
57758
69596
99964
52564
67570
41140
51883
21175
42694
67724
56595
89782
36757
11349
86772
84204
51214
54015
72282
74478
11484
25168
1607
47528
62410
4588
95186
47573
7406
33139
58563
95209
736
36431
91267
62087
57072
64175
66662
59262
35500
59247
47937
98054
83800
2318
63160
62855
89952
45439
73248
7644
51643
37575
54897
8924
84964
80363
23834
48826
83158
3058
90992
70034
12276
68041
85783
69855
4890
5769
13224
67460
52487
15943
33329
85830
63284
62442
40854
69655
37954
33165
17254
23723
37942
53916
32428
27861
39354
3205
33354
51456
78696
3334
20835
68568
89218
81059
64442
66911
66595
84780
58513
88868
82355
34573
8443
79204
58880
32992
144
35952
95283
69638
4801
93718
29384
62093
45403
70669
69672
61957
84811
80757
33836
55718
84492
41729
25870
44156
47546
60562
48803
43855
32426
54397
35813
8584
67600
51932
80531
13624
82475
7826
63766
86182
54768
83270
17892
49704
91595
94774
54838
91649
71864
10048
38527
25749
25741
41279
16940
8030
18340
14821
90130
83216
7163
35370
96098
14176
1834
16209
82931
73460
8567
77648
7494
10613
39284
88932
29651
35677
5106
41556
6057
63221
88688
56654
32502
8202
61799
31173
51514
35350
93291
84909
29118
75221
64170
9160
69162
41736
2142
2791
16839
56565
70844
1974
38554
71976
84619
67450
5921
32160
73492
75422
31367
39156
78578
49924
23057
76807
55769
37643
85186
31854
41137
98368
12105
32440
62972
23583
61676
49755
59123
44047
97955
49692
2696
32712
99753
22913
38159
97005
9083
14304
38296
98334
13206
16584
73019
29254
78963
90611
76972
54413
23116
86492
55038
77038
25051
29338
26468
30909
69659
14850
6943
10579
75447
45346
83723
10379
48164
17880
32802
10121
2132
20885
75638
70322
42149
88734
16614
88550
45221
25979
38776
67600
10101
75721
99833
38057
54755
28191
33473
55075
45018
92035
47893
85856
24439
35467
29253
94601
48079
77986
43276
60636
45072
40238
95748
62902
91788
94641
24242
80570
13367
84601
51898
43899
19448
36048
22435
77058
79593
5546
80633
56171
52390
38053
61534
55336
63655
67404
72809
87687
41786
81071
79537
19331
65529
41898
90160
99384
24913
69649
21583
51970
22828
13018
44323
86643
36105
1186
91995
37685
20928
68574
80816
94345
52866
54004
63221
4620
92351
14217
55665
84220
53395
30921
46412
26268
66571
69828
6645
37616
58820
30240
32875
37852
69462
39604
23741
76660
79034
93457
96934
53865
94405
23791
50489
4954
35343
88560
26932
15298
12031
40621
33676
71552
35210
75716
71002
51786
5344
26387
29523
74404
32498
7728
74785
31808
4769
37899
77934
29100
83367
35275
10576
3395
54416
60648
26796
79433
37659
92416
22532
88397
69391
80881
19404
25675
30737
41220
50408
20545
71468
60025
73745
43319
2976
65469
41961
71006
41517
99982
13571
68240
17143
36196
78205
68383
79728
38209
97478
50159
50283
74806
99320
86238
10517
98960
16887
35129
86952
10658
80043
51920
62705
11089
50688
81106
81180
86980
17511
88853
65963
12652
53614
50437
63900
64573
72028
86867
62068
332
7143
95102
39914
84433
16853
95423
12975
81080
18746
68342
72250
64082
90090
45892
33198
8978
42032
87662
29583
74559
93442
78576
37445
60029
13931
69854
93890
18917
12728
91793
7549
76182
64328
91684
34870
33611
22526
99592
99428
12355
3366
42764
58667
54590
48960
42097
28457
8752
50388
57021
27769
23788
49565
40212
54920
42932
43407
51510
20773
92543
12736
12423
67084
33752
48549
85999
95764
73279
85765
10334
99184
3324
36427
31784
41495
66523
58887
19032
98919
30358
45419
75598
50589
76538
51530
68594
92252
10327
84134
44353
98107
3158
78283
74584
80523
41244
60610
88375
3611
50685
863
94612
99753
64806
3436
93817
10917
16901
97301
89880
59775
63449
80783
77798
78408
66179
54795
99964
2308
95044
52857
31672
62792
84264
1427
44832
40148
92708
52724
30003
93323
96951
23401
86869
63590
93949
9348
18416
68459
68740
62552
46904
41651
20395
43891
11317
58032
41892
35313
36854
98354
31554
56281
36132
81280
53657
31898
59934
77941
95032
29624
83658
69081
39231
20672
17921
37540
91098
78804
23566
58298
35026
31541
11375
82833
31238
98993
85110
98117
57079
5424
62574
98765
7813
36673
27272
35412
71524
68474
93904
86101
31212
35149
57773
22028
37521
80616
14480
71874
89385
13591
90336
1266
57114
12742
320
66059
79173
59880
10224
15642
26033
91988
68648
27646
11819
98218
25697
26943
6379
65913
23217
87702
72183
82538
32564
8319
80220
53604
89014
53107
77025
37527
25155
69238
35747
10018
80100
29733
9532
85551
97720
19459
46070
51181
56431
41189
8479
35630
22619
67320
16734
64896
96082
98323
53062
70862
85771
54747
78763
2723
36375
9250
80739
19589
60137
5825
97886
92956
57707
46005
93725
48113
33913
9603
26331
39413
629
29079
46758
10422
44917
38497
13707
97938
14404
58745
53602
28401
57908
69945
4635
77999
81150
88161
28229
64214
93529
94712
12145
68293
33277
43192
82055
54447
97296
86327
38276
42649
60778
14382
60212
8901
17959
70587
16565
80012
74157
38962
59504
50185
22941
56537
63148
84800
21910
39571
69592
97749
78842
13443
11700
63512
89324
37780
67069
86807
24177
380
19828
16764
71962
22180
71099
48603
35594
95621
98557
56423
20425
8026
63145
74514
2909
74232
27689
75430
77765
92002
57730
4774
16359
9386
12540
50467
68936
33593
25227
29700
31449
85708
1289
90852
63311
97195
42546
88712
68111
61011
53767
73184
51223
76632
3715
67718
1246
61183
75215
31269
80521
96330
30536
96211
99209
50126
10968
25174
83793
74263
37962
19967
23940
75270
76885
48879
17683
91699
62082
51239
32352
6575
54546
2264
61582
38631
46097
67195
16798
37921
37672
16993
1912
89685
22671
8540
64166
4084
29862
12428
59814
94126
99991
59470
57781
14844
95173
3138
56809
67494
48848
23202
18700
23276
34433
81457
7636
32404
36551
93431
92471
32826
18525
88770
6330
53286
23990
19653
21787
15147
87035
98933
71409
3817
95077
92690
2257
31743
65160
79975
7430
64174
62048
49748
3175
97255
86962
83000
9080
44980
75621
25764
27310
33543
73685
68142
63106
24697
11605
80689
88031
1992
84564
47421
21385
91084
5711
98143
32293
52276
79935
97271
45295
13637
58283
27844
8327
61533
86318
84897
61901
74737
40653
9473
66657
44682
41375
57040
20361
15275
3031
78572
63828
45953
43156
94394
98978
26940
72796
29963
12755
91286
94641
91131
55338
53785
20353
85352
63057
33869
4647
64615
93145
20203
43588
77642
81552
41200
16177
87695
63784
50115
95102
89048
23790
32765
17692
57609
24480
86034
51874
59449
98543
11819
71165
60119
78019
91074
25505
77062
90036
24416
13937
23993
56728
83712
27175
55256
41829
49635
14118
79214
30737
12196
28446
91569
33808
44940
46822
16076
79817
53638
31810
32911
6898
53625
84919
864
83654
10753
43340
24849
32744
11922
73438
97462
93447
86123
30583
65273
3936
88905
85273
75542
54363
52131
56957
54125
17881
92578
43999
5556
7784
50681
67028
10516
61946
52621
54974
15415
34542
34777
31194
74843
66588
22608
5955
67525
76403
15015
11910
47193
93953
60725
96675
92449
28985
69672
30748
2651
47599
23608
99146
84311
5362
13709
19093
12451
71891
88291
21600
73462
67147
60969
37967
99174
3397
40371
95844
11081
76785
99007
87884
13171
95592
51703
67780
84912
25624
25242
87561
73872
36250
22368
94531
96382
49776
99542
62947
52886
15929
15650
85761
75250
14211
35287
71338
92914
19661
62642
49308
74796
4443
70374
33951
25823
58005
29268
84081
44610
20169
32338
16885
40352
21684
65552
63199
81393
86394
82862
41571
39771
94837
22922
748
53958
37368
27961
6574
28241
26615
45766
46944
12504
14734
42171
49854
28950
56946
62916
90124
65609
39504
10217
7758
41303
94628
50747
933
42518
19163
59326
30169
92533
41932
60726
56521
88893
25988
55893
65365
35819
33452
5545
16626
51747
50134
4363
24233
3766
64222
16945
27311
45060
20938
20467
49196
81696
17366
78746
94298
52267
40674
62366
54566
28602
37504
96052
23450
93398
30638
3199
5352
61727
20804
45290
50707
46560
17925
95257
24748
39580
24025
54293
93033
65137
55531
95757
21829
4204
91485
96555
78599
12090
60790
46999
41434
37937
88188
71845
43171
87542
26359
50234
8058
46605
74137
57775
21421
42239
36015
23859
93727
3743
90356
46528
57657
38299
35529
59955
57820
78350
80774
43191
36961
18970
84380
38311
32996
97327
27562
72553
85476
74111
68317
61755
96123
30449
77372
10867
86519
21696
78104
77851
69048
97369
69882
18997
14396
5271
25841
39624
81209
98450
84317
89320
46255
72363
82183
6768
72073
5773
10546
76
17872
66175
14707
12291
35375
59394
6299
31895
33922
27526
19440
81269
53243
70912
74000
46156
65955
99802
28684
30504
2041
62058
15004
18991
90507
21587
30682
94994
99636
40054
94545
93131
38208
80465
61645
4902
70203
34047
31079
94524
42051
49633
58660
23365
49287
99887
72359
52263
31187
22958
93385
8486
83422
89083
51828
49054
71139
51585
47857
77606
50811
56766
21807
22860
89367
75154
22693
77495
5298
48556
68568
66807
73090
70159
48490
65033
77117
18011
32807
11846
45825
59005
15883
23198
20188
31981
11218
38474
62410
48448
30216
69746
69339
20600
88212
15225
92922
88568
97554
7176
55665
40977
53613
79629
42270
54233
15751
16485
44424
3224
71570
26518
23554
24494
91251
67417
16089
58284
73136
17211
52889
79449
91275
58978
56576
86469
63359
79074
78524
8990
31280
96158
37554
98510
71605
43664
78313
13386
64806
60485
37655
83802
70168
7549
16255
75517
5090
86296
72769
98215
96186
37810
60400
39352
19301
72047
55080
51950
81357
22673
27670
91570
68695
77030
11338
12988
98508
73714
43007
74254
19648
61313
2715
12821
90641
98779
17881
150
47976
80742
71683
98761
90225
54402
99740
18440
1175
37088
54944
85010
25029
52823
97779
10584
37938
91169
25381
86360
15765
6335
16427
40345
38215
29049
55770
69715
38745
85915
69606
88691
80925
75242
25309
11272
4224
66740
95559
70278
38977
16007
89264
96724
52803
13623
91845
7357
39264
49571
38469
77064
49701
48753
7509
61666
10853
12146
88648
26712
66053
44700
72017
93208
21549
37233
29542
90644
97362
88694
55458
95870
65123
86109
64926
14076
3123
50796
35152
16755
93589
76000
43918
38473
56608
59973
61593
55083
72548
52689
46062
55552
86729
5139
3746
46164
85213
16152
58632
77963
38825
76527
8553
63831
43696
79633
41706
10700
4408
22914
10264
24449
80832
61193
83236
36678
25965
22038
20696
41000
71814
99711
24530
84491
9046
21211
40490
78384
60697
36034
24529
63904
6789
63644
22549
33715
47749
45283
97489
29039
34548
60821
22385
89778
51399
65460
58598
51997
55775
79785
97891
65560
46988
76313
68432
74074
9513
7411
43765
70909
79861
18461
12572
99782
97619
33501
93192
39424
73741
88635
46818
99674
21027
67213
4999
89651
67307
15275
76911
57502
48643
79569
60661
39822
18126
77580
76621
17342
19801
97382
65594
61351
86970
65826
3448
42835
3495
91093
64850
69088
27793
60914
53669
52502
27
94244
50651
62782
79074
7043
11439
6716
89794
46047
15691
41449
33409
99220
91608
52992
67514
72820
82224
3658
3321
51305
49144
70152
20125
42346
99818
28122
76127
3696
14913
59246
39742
18668
91699
92496
54349
2636
21570
20862
77922
69716
76377
76700
11380
7373
50842
46921
33403
48084
24100
82629
75291
31726
42025
53466
82224
66651
15407
9563
40415
5487
34079
77593
17665
60011
65356
28544
99453
38231
81798
30552
68824
33679
14876
27824
53651
78208
39636
5368
69567
3375
29956
75488
55831
82384
31900
84580
94301
50819
18551
1041
5078
2677
4526
53548
61354
1879
8493
65039
81234
98466
61020
715
62937
37989
23440
9800
1966
35561
64117
25317
98793
15298
53659
46282
15396
86974
76511
2056
19709
41054
157
69979
62978
28060
48715
2159
87949
39045
43427
71429
22584
76694
59011
30473
60374
76656
39507
49489
32305
68014
89349
83188
12379
32543
80511
46938
55978
96655
20
79724
90113
49853
83756
59710
29016
96210
21203
90367
61676
1595
98489
98665
58247
86391
7535
22506
41021
66410
63907
13901
90928
76313
57221
16728
3924
78117
75490
86829
20869
95721
42111
96725
76485
13624
22678
39291
70829
661
97617
77449
12612
23855
86823
40921
41886
40304
19316
38669
72543
41509
16938
58784
17053
71015
17138
12936
78790
76569
97480
49382
80554
35769
67812
90964
31247
30820
31873
69130
90434
43119
28031
16604
95740
44833
24047
2095
36556
11127
45887
39559
62877
11412
64067
64760
29157
59775
42080
24215
64485
58419
92860
86854
1543
35757
91675
69120
39257
18562
17983
28890
71874
8126
91482
61526
41906
91580
11536
67143
14608
59303
77234
74825
32888
92538
95507
46989
54624
90692
98623
26194
41697
96079
53774
14635
34129
86500
4297
85279
67151
38882
16247
50223
20099
7698
35309
34150
81507
97621
87386
98560
56179
41819
78436
66236
39189
36820
90683
87255
23006
64718
72168
74234
18826
17981
48025
96602
20035
70555
33858
95527
43584
58793
98482
18830
51716
19054
20198
78031
17379
60200
37767
36970
5359
83015
1204
34605
30148
63597
24793
20115
93656
42648
19753
8292
90967
82352
15348
89951
85
35245
49480
30452
26366
65878
40090
56807
74161
72334
49977
87256
72031
64086
77994
98295
81633
43034
42108
76344
9477
42461
82712
8617
86417
25779
9893
47329
5681
25952
27615
94057
74937
22602
66418
59471
10997
96312
6320
23438
56364
49431
29273
45963
23157
67459
63658
63774
11697
71164
48166
76467
90263
23092
90593
80975
23324
8011
19594
99636
93890
3915
2245
38973
19295
38206
60179
71601
74815
75522
32370
24430
32372
41597
46120
80808
47339
21287
47100
79176
83885
45633
57736
63365
9726
25419
4280
83593
89885
11791
84662
74723
96961
68815
33679
81933
7218
87265
39482
20880
48966
78490
5586
47429
67384
72332
35503
94468
69569
46807
93771
73396
37922
15461
65712
74201
70962
30950
64293
18792
58740
76969
77774
34444
99385
41478
85053
79359
73667
30590
93426
83069
7073
52504
17881
77510
83424
48626
45048
19151
34769
63909
14501
66952
38758
17912
25384
48956
8467
85668
29888
89813
48599
85560
11310
59786
88916
68866
56140
21225
78548
6018
71921
11482
60991
78182
63491
8361
5305
54546
75816
1040
1326
80800
50842
31107
51293
53910
6795
68804
4010
19783
1621
69295
71642
72278
29752
51517
15945
69239
23968
36026
64903
67588
34165
8376
44344
34652
77264
81925
94477
44577
63975
95612
33191
98574
25240
53911
4746
25444
66440
27992
12919
84709
66368
78394
55028
6664
28445
2921
74954
52478
1041
14152
63623
33681
3313
65343
38783
93374
12997
80618
77457
88242
69137
29396
7123
40768
29569
35075
84085
78908
89339
68332
72197
38499
21901
3856
71865
61011
6746
82066
63938
50271
2495
28303
26880
26361
23356
31139
83299
12689
58156
53680
23486
98918
8105
29439
39856
419
22634
94641
14799
78944
81660
63077
53204
16508
93444
85438
5688
80132
93284
72834
85372
90723
56602
36258
42373
87745
21432
69873
58453
5122
49218
8140
57681
94004
15009
84043
88736
15503
99137
52721
28439
65422
3435
97940
90478
26351
21845
2713
96729
58902
81642
72155
94067
4234
31898
19712
73177
1455
46229
43308
13714
38524
63572
81900
54518
96959
39291
60889
43266
15871
27174
21074
15683
82067
31584
18120
29552
79084
86511
63544
79780
86048
71980
52980
73521
71866
33005
17412
62421
68456
85800
46203
59917
47953
62004
85259
69315
34945
72666
48282
78468
48609
73476
62018
62295
99827
29881
21796
29111
19928
21943
89262
38459
26519
68359
19847
32754
39085
2146
13036
24578
65992
19428
31356
28595
17895
80378
58529
14901
64671
59682
20892
17223
21419
54500
32412
96378
82685
83531
26763
75805
66067
42676
70485
47132
14896
3770
1751
98259
49092
67706
95990
15098
65535
32292
17572
17219
60431
87892
45029
97295
17352
95021
66831
35631
47009
58246
66377
7756
59756
79359
4135
15931
87441
8176
94209
52609
85382
97300
83490
68275
69217
5391
62032
73751
82606
52488
27067
14329
50857
1525
48440
47920
22118
37894
49630
90790
14881
8194
60631
36070
26767
22737
85185
72608
78372
14618
82628
49224
16897
13525
3564
20018
85570
1469
23570
15532
42803
71294
17538
62582
84588
92939
39594
2356
84552
93797
26533
44247
56213
73715
91034
6599
88327
72812
80380
60640
29770
79187
29817
22971
77454
51815
78125
90852
51912
63417
97303
22544
21981
15651
43166
11121
8746
75330
54069
16029
68154
12913
49849
16784
8063
5212
19117
40764
94367
84370
21014
77015
19619
21501
65582
35141
47209
86363
51733
76266
38141
22124
77407
89726
87705
27142
25080
93623
2801
90694
90094
19556
35527
11847
21393
93353
89762
86831
61993
8384
91706
58531
36632
41046
80606
54339
30363
81950
77369
28788
24908
6448
80782
37439
12427
63927
35319
13300
77794
59161
13728
29433
73787
28966
39594
40087
75259
527
96497
75217
5470
86446
62709
42610
37776
32659
6446
15638
3541
22869
97271
14926
26270
32204
16767
62587
59689
30249
24255
79069
52596
78122
30772
67672
70225
82477
84093
21831
32629
55723
58554
94779
20568
57721
9554
30563
41653
31267
19406
37818
95383
40125
73660
32453
89711
71917
51645
72721
40750
43747
92509
74673
87042
19158
84785
59319
21501
53744
15062
64734
49970
17625
23728
44969
74406
51153
74137
45540
74101
96671
85876
63843
43505
64643
91642
41824
18976
49048
3423
28099
66808
98174
48591
54860
53399
87760
59051
67752
77968
47487
31570
94721
73602
40774
89354
66265
77885
37957
12460
14429
95283
86323
27556
70482
2305
54984
46713
85820
23340
7320
95016
64257
61956
81947
15695
38548
39662
87451
90816
78375
67959
54724
35162
16566
25589
5728
37745
52181
59547
63154
81347
90470
70325
39363
71175
67109
47673
31422
16397
46971
65127
77367
81316
77359
7654
98758
86141
8556
96972
11504
94091
99965
80125
93829
99049
88541
13401
37704
94808
55250
16682
49855
19085
95243
58608
503
42330
46674
5343
17095
34340
11171
68859
14781
1827
22434
59185
55177
66272
87827
12276
44255
81943
80829
65830
37289
60078
1535
81690
19524
37221
23902
93121
11948
26127
6273
72161
96535
73570
88042
91750
32403
39157
26256
22860
55148
96906
7297
94951
69969
86559
35404
85975
54209
98345
30510
40496
74781
77917
89957
44061
72813
32881
35320
81307
25435
91886
24650
18461
79409
5949
47194
84487
72968
53854
45398
60642
48210
46626
59549
54277
56551
42330
78126
40583
74229
81021
59463
54629
61172
81958
60047
38184
51831
66295
16360
96254
56379
52015
88690
41455
12050
24281
21604
14742
62579
95820
85352
71782
70556
20898
99944
21761
93866
87486
76892
91197
42531
24413
17533
30641
36971
29242
82640
15649
69725
90557
45604
30279
89361
3352
35895
972
70723
23861
5773
11442
40242
91299
48032
42785
1267
23419
25395
82237
52258
66385
45038
35414
94363
69398
57884
82655
73499
25951
6861
64383
81540
35489
5295
29710
87023
78213
11071
42560
19502
76691
63062
71654
8392
79442
6356
5052
19037
7708
67489
74404
88651
93826
48069
63124
66410
11065
57171
90245
92415
3930
49046
23114
37536
28157
60512
41893
47750
28117
10524
13343
62186
61787
32970
8205
33594
20382
15689
18131
42128
6740
94598
7059
72175
96021
59557
26381
43064
51031
32447
41624
79124
5164
6466
11373
92343
48073
67591
80571
23031
71285
80595
49397
84093
56490
20248
2014
57084
71722
773
83393
35440
87352
60369
91288
92794
57873
2959
59884
20030
16122
60037
18919
24237
44278
1165
33476
31910
96091
10810
61309
62386
94597
38457
69917
89328
4411
68808
80261
74095
68956
66090
50773
24284
93726
7592
36732
4710
76413
14458
99773
86274
53563
67077
10063
54621
68309
32235
34533
38323
74520
4171
33025
94231
22948
51688
40838
52609
79709
80673
47748
61806
87865
50897
59617
95066
3256
67425
56621
47730
5364
90816
79662
34204
99980
66682
1976
59712
15816
91785
47108
86886
62357
44274
71839
11866
60837
60822
89808
31031
28065
53278
3722
48141
93335
86919
26836
55128
76988
29138
83073
51402
89213
14640
72954
628
11132
71621
90921
88502
12450
15246
99784
45459
52646
94151
13213
32638
9472
58428
7977
13647
45418
40690
68128
68711
29109
17851
67731
32201
73612
5080
97091
2305
82736
57197
57844
81191
32295
25140
5815
4443
22319
20428
10492
26725
81383
89553
19465
23507
99808
66679
46790
27459
24856
13583
3120
29957
69756
37343
12500
70598
10595
9567
42900
18950
48919
29823
32805
55975
45388
40124
44934
29283
35293
57654
80004
5934
59405
38975
19843
12702
3072
74385
12376
6045
18537
97370
6990
87907
64009
72832
67856
66065
64063
80513
38936
1308
80770
90993
20740
82128
26098
815
82579
7600
41764
44510
41243
44799
71375
48132
80900
12265
24497
55374
98592
86302
4430
58193
199
60796
59471
89366
63110
92578
58344
12561
50909
68706
34637
9259
72155
49450
22474
20340
30232
94240
21837
20692
19166
80004
62562
68631
94026
2160
89479
94049
86732
52565
65136
66179
14079
26023
80803
36976
74871
13174
63690
65717
72616
28264
40174
92958
85566
11608
18851
14583
18927
12903
55025
50638
15864
82696
20122
8390
20947
71708
90100
91203
69299
97703
66419
48225
38037
94773
61601
13146
83911
72697
84243
9401
839
41728
16150
63064
99138
42439
36627
50622
27737
9352
83612
1119
53943
98694
68161
64498
68343
55320
71833
88937
56502
39627
21138
83612
35370
83628
95866
45245
58693
6001
97870
60549
79071
29375
35479
96305
40548
33558
98662
70070
64225
11420
25081
20273
46668
1118
99172
67900
75721
94260
32217
72416
66590
41512
29369
44984
74483
74564
28334
19980
29265
46515
54082
21048
62648
33605
19867
52380
62107
20130
24513
78282
83502
59536
17494
4155
3181
53809
65508
56458
83848
84697
96090
86711
93658
61136
60733
45858
29758
25817
34079
10709
21024
11458
47980
14927
49571
27641
25976
99558
64451
70205
12490
59652
13320
43372
91103
28712
78225
43892
69196
95376
94519
35141
57972
43917
79531
50152
1599
84025
22438
55381
84370
72444
60648
24559
10267
40715
39680
48288
72054
59001
90635
12538
75122
96461
42068
9130
73920
33548
54547
68475
60356
51968
55980
50270
35119
69424
72763
24016
38084
59342
69620
38997
73827
29100
