67834
48910
53907
17142
30222
45441
1677
73458
91010
40724
7160
13706
56553
36433
26062
56069
53762
11530
53216
23629
74573
33049
2003
37176
77133
49083
66805
36922
3289
31882
68340
16645
42052
78684
17476
58057
30393
42000
36983
39444
91380
44
72455
69901
22768
41626
37744
91515
90225
38357
83276
74944
93999
37726
86607
41405
14198
47698
58815
52196
59367
46151
39335
32399
50884
16775
68059
6699
44080
32242
83875
54437
35385
48008
63065
93635
84039
19164
62593
40206
44304
31368
66585
69331
74903
10551
88660
38699
93639
5282
58976
34060
48383
55473
59407
27147
16587
91901
13064
56440
36944
85993
17542
79206
78815
2244
33467
5330
1094
30388
50811
18107
42517
74615
92341
86998
50655
48654
79281
64780
20418
15627
54405
4951
85407
38896
89613
61
88261
5383
71639
86551
9127
59250
73908
92678
75382
81187
48593
88624
27522
71540
5554
38340
96606
73735
28196
22847
81273
13342
88820
31794
23099
68185
84832
74661
43941
92193
62675
58269
27509
4117
5451
1583
34713
55542
11598
53873
52505
51289
85309
63095
20783
88782
90796
68316
43179
95849
194
83427
50420
32270
39271
7962
21216
79634
39379
62696
88496
98414
26087
90424
34446
68835
48041
84868
50303
34731
51708
90553
34158
36855
98363
56172
20605
63539
44456
15813
14556
17101
11036
69312
55746
22031
2047
90271
73462
59260
75263
71783
82525
84243
98181
69163
3671
37373
1501
27647
4395
60968
59453
84334
94150
54844
43442
39454
93659
62754
16314
95343
97542
72500
9376
50309
17062
77875
20001
66766
96009
43599
31041
85603
91345
19293
33969
34638
68138
85545
15214
92689
5043
10069
96054
51524
15234
13909
16
32853
41742
84625
87363
44014
27886
94148
47699
95190
75331
44658
81212
26493
44893
97493
58844
45605
57603
69784
15985
97837
1076
20389
59871
33134
32365
41960
4595
64577
30172
35071
70194
86065
94295
16070
86503
49358
32459
63746
1833
21737
27277
1067
1260
98226
41285
86195
19712
67412
94743
30911
21443
14265
74198
32530
44379
48922
24777
79
84041
45636
23973
44335
45414
70322
85246
99486
81959
82640
2702
85235
8752
94173
30045
84406
64768
5332
20737
12593
64370
11036
1908
4723
81302
36970
87181
96398
82614
97292
83535
17405
50396
5145
59320
20193
95596
32358
67258
21684
70764
89290
88162
44768
75660
53497
78476
73341
37688
16434
12404
44988
58088
13104
53703
12205
28317
27757
71784
3512
39268
2745
48200
55319
50558
42550
35295
37244
67890
31938
69755
632
36961
31203
5941
54942
4400
36395
1633
1183
6520
36493
6863
9117
67882
40667
24530
55096
94261
5690
50138
64953
78370
22427
32827
37778
13265
62148
25800
88876
92897
26960
75417
7221
49044
89553
52657
18297
20425
55098
31013
25527
68140
32383
47869
23995
42786
62439
19142
23501
86990
94316
67557
84128
68734
4802
34255
8348
44885
35120
77756
6242
25043
26100
38963
79595
1795
23051
83903
5958
8400
1868
55905
98619
19435
16346
18610
56906
45610
29880
6034
12138
1323
13897
6829
58239
32792
55175
61679
59528
42388
2722
84324
23989
2869
77097
71738
38646
16106
95000
9439
93207
10064
96860
85971
99098
15839
51380
19923
75245
75459
20736
60794
20181
97481
30478
48027
88123
49676
72092
32613
48506
24598
91726
95848
11908
58076
19064
98592
96037
79036
84832
5016
83360
62682
73225
94178
86484
45089
44304
88915
41741
45321
41090
36709
43022
47883
78473
67970
28844
11580
56365
99273
94045
55976
81999
22407
98104
42419
70502
85305
36482
83727
73299
95193
70186
44927
89947
61844
92399
1145
78804
3982
50419
96289
4601
19377
9354
6270
97526
72747
85886
82585
78406
87984
13919
81010
45694
58503
70236
81374
49941
52294
55269
57371
27380
87111
52033
51547
27201
65955
60950
69626
19813
86366
84582
27929
42580
20086
34650
81657
21717
10611
18291
84614
29606
38184
96160
56686
54061
63786
60242
8392
38435
26654
30498
23756
131
76430
25903
70195
69410
65278
89863
30140
13757
27173
36100
8015
76200
92742
65628
92126
135
10294
15922
67096
1523
52113
67336
3013
92033
4510
90728
70583
53760
91716
97882
76951
15293
30962
79493
58874
8646
11046
24397
58557
63810
14835
22442
23312
95140
40959
93072
14506
7273
55359
7512
40768
92631
82817
24631
50171
84479
78450
589
36978
44151
60964
9505
58868
60224
82491
49395
40707
13661
10842
29357
18559
57460
47248
73309
17007
31381
19649
99810
31017
65682
21360
65288
24406
95873
31659
41958
45193
7601
9429
17595
9497
18302
75674
90035
19253
90094
59135
67653
55965
76944
74289
68453
44934
36131
68411
93781
14164
42997
19048
36603
7773
34024
37410
20769
10755
39030
52790
77534
44142
51007
54660
28138
48577
93387
68811
98472
59798
87114
47172
89333
80757
88470
42891
48237
76908
20902
87461
49935
54327
17050
18096
3258
15744
90557
72834
77120
22188
49115
39364
13825
27386
90887
37366
21917
10182
9104
31844
49622
32337
25645
45535
92577
61978
98018
30628
70198
63262
97400
28206
65823
40754
64781
57034
34806
85967
24511
55143
6299
91436
87827
66966
2680
41239
28200
71829
43988
97436
68870
87708
26182
57354
95257
44772
46675
21985
41952
71834
19891
26798
7820
8155
24399
65897
87491
71901
48599
43164
51156
10888
63778
40733
19651
8434
24473
10905
61510
68164
23411
54921
696
70752
53225
96304
96174
68094
8906
61715
2552
10178
63077
54747
62009
9478
68903
33460
95211
50219
88451
73072
24214
92420
12037
87623
38300
86008
13130
48835
1861
46795
43984
33585
24519
11787
36877
13453
95170
34918
3131
71193
20043
23699
80349
86299
11525
88315
36399
8393
96567
71795
72342
50968
20864
55883
70387
46962
74770
59606
515
37660
79039
66453
46497
36086
5212
16183
48073
61250
83397
73816
17877
98367
91830
32559
53774
46183
92112
2664
54060
64165
16289
3533
83630
3245
54664
98048
87071
69194
6750
674
65143
74452
64252
17032
25044
38981
83032
72987
24511
59273
10976
35299
31125
2511
40259
72006
57617
7084
97291
89217
43088
58368
31765
17965
50319
88772
96788
98362
56728
18856
9772
32252
26769
31333
84637
56621
60399
39907
14688
28791
12271
3827
48699
67105
15390
42783
18445
89724
73528
49688
8554
5433
61812
61147
36381
12167
66000
44069
15021
14415
98294
27494
34138
73142
32868
25876
25567
76394
98975
95264
27584
94119
47882
58129
92947
30481
17291
3563
55790
8273
61248
84359
80041
23629
47607
32694
60673
31191
956
44830
48131
84165
38492
8783
96109
83111
87620
13027
77512
61595
93878
34203
70701
7121
38810
42734
555
36537
29696
5998
8621
69242
68503
78156
83531
28525
91167
71586
28272
27166
34694
35117
89359
476
1156
79872
10586
92153
66340
49863
15741
43558
34847
99252
71032
99115
84555
54930
40571
84114
17495
29536
92679
75401
56875
73415
53315
51439
25518
23497
71753
77764
86433
65022
4749
95460
46968
97840
12648
42353
81304
61924
53992
29459
89559
68950
2625
53878
75126
61305
71702
82506
10664
41341
20387
53070
26902
99231
32776
18732
63981
69758
31358
17720
7928
27423
64612
63885
85856
23561
15332
64459
16751
19679
18553
99672
79286
96115
58136
52434
2320
99854
17764
88683
44164
33249
88502
67700
16660
95310
60306
67620
2114
58007
96977
75145
84027
66889
65771
10947
71398
90926
5784
88101
80003
96791
98268
94225
2943
6482
16402
24143
20466
61057
3985
60262
32180
31174
27120
77887
12367
28814
75549
31540
29046
31402
35612
54406
24962
36271
6477
40538
58736
15627
91363
96320
69288
51302
45820
73994
63112
45703
17356
21648
196
88051
66354
79790
61346
56052
86823
49215
3960
54597
75672
17152
11203
9456
18965
91660
51334
31013
68528
57245
76801
91858
38443
91113
36801
60135
40971
79210
87119
41013
79857
33281
88067
19632
73502
59914
65264
94478
3578
34163
58411
20711
19180
31463
35317
88551
23002
85271
89561
82034
59050
28961
18301
38508
81219
13904
18273
66656
68198
49939
91812
9841
75121
28970
1
44439
64803
16619
89460
78466
62752
75124
26953
77897
31289
90934
47534
42289
44066
79878
49812
4708
8001
57499
96403
83959
71845
51466
40178
94501
27181
20083
96364
7340
21473
79585
38994
26023
52284
86180
63295
96915
70913
82253
32624
60869
26435
44220
77284
93027
34827
70797
93285
91624
18465
33773
56144
30797
29761
12189
97813
45875
7483
83786
83053
64694
34213
56416
49665
36993
94318
1469
28043
71796
2287
14949
2338
63856
49133
67029
83781
64682
73427
82400
71365
14882
13294
83067
26485
25795
90642
58086
73052
48872
86642
17684
12676
45958
19530
26201
13167
89026
92765
28557
50506
32756
50267
74008
99452
30545
85749
99552
9211
28985
1869
6650
41273
64621
69160
31553
46005
35766
71009
53285
44788
93451
21476
9367
81628
61273
91701
81939
73998
36946
47065
57557
99946
86595
75237
57009
53231
67739
36142
62785
80756
61923
57104
70600
29528
96890
25566
56369
13240
62818
42118
21043
62145
66480
7601
6199
39010
86083
80215
56437
76351
68731
46883
64398
30832
77657
43003
45406
70399
33560
82348
72319
24398
51181
12905
70324
70560
85655
56546
30977
78192
755
33010
88826
74114
86129
6850
75835
48904
6909
51655
92320
12403
2506
75234
31869
38818
12097
45257
93333
67003
39760
66959
42055
71540
70302
65733
95393
8840
38261
58941
70198
40808
17789
91554
60517
75066
69705
59178
86617
44006
38223
69230
40649
56361
32501
88904
69164
88376
88318
16593
39847
79317
53633
49154
88352
58354
10063
78184
15377
95636
75187
42046
52661
40286
80221
65239
98065
15456
16803
45064
15576
62816
25546
47414
38570
15440
12686
54976
62898
89118
74650
7163
36840
68888
25005
83811
23092
63164
26622
82638
68960
9822
19234
76532
23485
46916
13861
86607
29014
60141
38794
61603
9058
68951
29781
91288
85051
85832
71599
47446
79122
78452
46230
56945
59453
81047
83720
26274
57551
35338
43547
40863
60081
34426
37377
28828
42360
26031
73660
54393
9220
78937
34023
6506
49845
43848
57386
77931
21356
17929
73343
58839
99856
84872
67951
61871
31690
2077
59667
80393
68509
75515
39189
29431
73682
57750
86547
47121
72384
84698
5399
32780
24095
52033
26843
4380
28303
36714
59043
16184
5743
16516
23840
92746
42980
27726
47240
80852
50665
17052
20414
95861
34161
70183
32349
8642
46661
12038
52267
64816
59533
74611
40349
93397
26508
32678
14817
66985
20926
38424
72156
94496
18270
13221
20566
18422
26046
58683
8085
25928
3285
5000
98871
20941
70562
22296
61179
2149
72829
47763
12806
57004
16715
28417
50364
29995
88376
77236
48892
84529
70654
42228
97247
78
9495
96724
89828
89904
20719
47870
14341
91044
91960
65147
94690
72492
59844
39697
58821
32564
53907
77203
26397
75803
53862
74986
69939
40500
61000
58654
99393
10700
11952
98823
4309
55934
8217
3222
29730
87363
77849
55728
66003
87999
31411
37748
87633
61937
9681
88506
15887
10668
42350
17106
96022
26360
71189
48185
69440
79829
45987
80641
52771
27388
15259
79606
38942
59190
26240
21888
43841
92032
6148
36240
32545
63063
57878
6782
81705
59557
72342
70339
72306
72769
58353
13596
48431
39066
37869
35466
66753
65751
58993
38833
53319
70153
61527
75526
26910
7577
85826
96578
58668
10453
43589
9925
30284
30139
66156
53831
66214
22946
39404
98145
39740
61575
33322
74644
10935
31515
33587
63906
94511
59825
42085
57542
55526
63267
34384
54305
22972
51310
43410
36788
71037
43119
48214
75783
45667
81929
36375
48268
27609
5345
79723
6306
15602
47623
85725
40907
6184
6866
96368
72260
90215
36150
76606
23135
91917
46390
9504
80436
10796
40766
51533
45186
18784
89346
23597
85180
98794
59834
75133
84022
74754
4896
50821
37226
93801
16079
16323
94145
37292
17187
71518
79378
45925
19289
96760
52074
2255
69143
65301
4058
80788
86005
64575
21929
87872
17896
95827
93422
73091
24134
86917
34573
74190
57001
99293
83400
85169
28230
3161
45541
18321
52779
92678
50840
83444
56020
18492
32641
83073
18549
25660
56882
27622
88020
16906
5134
33105
69756
45530
55365
53966
18504
27992
99400
1142
65029
4027
98231
33924
3543
82319
53553
18518
26062
50082
61632
88960
4037
44325
7001
38876
86691
26237
39566
97791
93369
24715
47534
13339
65387
97781
71428
24068
6531
59261
60931
41847
10594
22170
95896
84334
30844
90463
69448
71921
46656
28043
46274
88936
4319
32806
70875
61756
2991
80178
64616
55243
32695
95237
52402
39915
8165
5782
67269
37202
64306
18128
38115
21096
192
96316
56723
88530
37986
93533
58378
77804
30586
80324
66082
17570
15156
94081
93901
38850
9201
74833
95239
33835
40757
74032
65080
24483
24479
41291
48
80605
27207
9714
36692
85220
68959
4151
50382
66706
91164
79487
36179
43685
74735
46363
18862
37920
42934
71926
38324
87051
61128
25930
44444
93451
74463
25091
470
56649
78658
1798
87321
6964
69398
18674
10806
72439
22138
26454
21876
70885
13589
35212
63869
40332
39701
10351
19672
66790
92078
24007
74130
60720
2605
42995
39682
46509
21982
87180
72466
16066
24167
69321
45171
52995
67486
26360
33954
19829
97286
20870
48186
29727
54533
98544
26257
70038
48540
57102
9516
72750
6913
89367
94855
14173
59387
7556
9301
54199
40816
9089
97669
56546
10427
68883
19766
87569
2950
25687
59884
93896
85208
83593
48330
2931
33877
8790
68814
54661
94478
50519
20566
77411
27467
40793
52020
26736
11746
2012
37807
43812
14623
44026
49073
74706
80515
25022
2789
64789
13253
17443
41855
98121
3401
75288
68699
50870
44399
4180
54833
85248
75251
92762
8081
6080
64792
85308
29994
72109
66664
27149
860
74165
97137
78962
79407
84912
79585
40032
75509
82127
63122
58175
20410
80326
95603
38086
69401
74432
28062
97872
21477
63660
58530
17603
31758
78795
77227
58687
47379
36145
84526
79630
18837
19919
6700
46521
39245
3847
50848
99111
74385
3467
49021
11657
91671
26646
40402
17602
69792
86512
5107
3660
78317
1983
39782
40545
25329
13507
72850
34512
35570
69880
21687
56953
23038
15241
95035
4646
71147
11694
91414
98967
55331
33125
13101
8409
5763
21133
90924
61751
42959
92350
29401
63531
9755
12900
18843
92855
16211
45435
93077
16419
74687
12140
8885
9696
83654
68920
13112
20709
22873
56892
47943
51302
66300
55254
70960
25832
16743
54295
99747
39500
13801
64074
94493
51916
56810
24197
30231
20874
14559
98784
962
92211
70538
90104
58011
4116
15944
95608
47642
19309
10558
84977
43219
67865
79224
88939
89097
3904
1069
91421
56099
47712
13784
13375
37095
96850
74991
14671
26596
67643
20424
22063
24205
91028
66687
22095
89610
79752
32292
64399
94494
39923
55519
63861
57181
53515
24041
64120
51428
11418
99151
88021
36216
84031
90623
5290
25136
41069
36871
81541
52377
94934
31786
84339
80761
25918
31101
8420
5125
70609
41308
32726
96827
35237
19184
85692
14668
97645
45801
3968
3039
75039
87157
97867
84744
90655
76155
76268
59696
13582
5353
82524
1651
57304
87828
51271
49556
90925
29806
82696
23457
14451
48278
50134
22226
86228
69031
67280
76963
41294
57894
11385
24539
29317
39106
28494
21927
71801
62938
31300
44604
48193
79110
96164
76044
21552
54197
83224
87366
52203
74624
97020
35684
67489
92404
57870
74563
64397
68685
60058
6952
68217
24376
22657
97435
61023
99810
86027
85484
39921
15137
13087
32242
40309
78736
4216
91968
88036
48885
20892
9792
56631
30598
63121
52088
92264
7953
75245
13933
30207
60665
91754
96308
11838
31040
86050
42566
95779
61677
70866
68238
42660
682
81267
53273
36845
34462
30131
41357
83245
28345
23757
85021
61380
17487
47671
59311
26003
57612
72847
91855
46285
31642
37069
92185
27805
56251
62394
5467
7984
39023
79617
99480
86719
434
1173
38888
91418
6656
12984
22087
6647
15768
96390
76093
9168
19794
42878
37545
46179
96512
21546
91331
28834
77976
68746
41700
63049
34714
90930
707
5442
22704
46545
67293
72028
79068
20318
32162
92371
38905
13685
31117
27837
20436
18683
36979
5413
10919
61787
46147
91932
18025
90652
27857
94349
13980
53213
1080
53820
56895
41664
31639
12363
71840
16832
98576
10576
28545
14878
93009
2626
98582
1720
396
99456
71747
17222
72239
6944
77285
98819
58801
53386
98301
3383
99338
66
71613
14262
70053
18447
40303
26521
80313
52702
34244
83012
9655
22287
70341
92584
60266
59815
35403
41603
52226
88072
25807
78128
30402
79174
63458
33798
21796
47021
85381
63172
38256
46659
66060
49184
62379
67694
69837
28041
66082
85048
39350
25571
76626
87467
20585
82702
83091
31200
35827
51113
45145
39360
90545
92626
6292
15940
70526
61972
48278
7776
79920
62934
41163
85430
86006
72476
21112
80215
7891
87930
6709
6599
52099
97614
19215
6739
97027
51821
58605
19602
60429
24772
69502
1240
9275
58355
20482
98052
98339
36373
5240
25701
1696
43959
84584
50218
53862
47016
17275
29420
26252
47522
31567
57334
37748
79648
71566
83640
56683
8004
38811
5104
24007
77120
19357
77174
3507
23230
1959
11239
80541
80257
60129
72961
94325
34073
6375
52133
67205
34815
88882
10578
18199
31384
43293
92751
24882
55970
17418
55198
98997
69674
38814
66552
39359
23528
69120
63061
36160
43689
94439
4184
9486
27801
78931
7337
27775
17885
85416
93360
91972
65799
55350
51980
91359
15274
51154
97651
68210
80407
6436
94470
49687
34744
20255
59356
66575
21091
80971
74252
76976
8825
75535
32823
43906
52703
12873
38097
83632
73901
46956
67483
52717
73520
67959
89729
79094
36193
99788
34982
29508
62041
979
10135
21349
4522
99705
73765
21413
92443
14411
55574
10582
96669
11156
60610
52381
34909
77088
74285
7705
13848
69023
7211
46997
52299
97653
84693
7225
60927
85817
93938
74468
39567
51770
96406
32891
61340
41601
81213
24457
3687
83229
75965
72402
28784
17753
90662
68697
24602
28914
63268
80584
66049
75493
77988
23872
66125
69869
75274
98930
66217
73394
76367
24509
4009
74573
12390
62348
16764
89927
76666
16386
7175
85442
72001
29255
533
81527
62896
3692
60797
20222
88024
95921
83420
50939
31052
63509
59164
14918
72744
39921
50213
32707
15627
61043
27760
21067
77839
33463
4305
2422
38725
59425
10564
19411
19261
72844
98162
96533
18591
97908
29209
84704
5431
16803
94221
97437
52179
36715
80355
21155
30952
38544
34363
85078
99953
49206
85650
84513
40366
36931
69666
25139
44627
46791
82643
87998
7877
27948
71925
34912
61750
51726
89189
81698
2587
75785
83543
93414
7642
15048
86186
28549
14139
17577
73916
79010
5407
73935
72492
53155
1372
80650
30144
64282
93738
33025
95485
75109
92801
7464
78340
96923
49201
95453
22409
1582
68031
23306
31606
41516
31625
5509
56177
11490
77020
80821
25610
9824
91088
32390
50500
71367
63802
94235
882
69225
75054
22328
88911
49756
14497
64518
87841
74316
61351
77504
93235
30688
48991
16404
83319
96968
80592
26003
41246
59145
13048
60716
940
55731
79779
24955
75225
85533
37360
8479
39817
50221
31802
50948
12120
252
76811
63807
32189
22562
91176
4421
54258
7650
12421
45741
31660
11716
48004
96048
41010
94534
59359
93927
91426
45661
86155
8253
11908
23851
95495
1458
99022
42883
75169
68222
51146
86565
51045
37518
92578
8645
39708
33287
29445
45455
57046
25616
24998
82762
47758
42733
74807
95206
89013
72886
20670
2410
98152
34401
19107
51213
88126
25189
3878
55004
2813
30444
14197
5985
46415
46274
38600
29867
67338
28323
81731
63756
45311
95052
33759
23484
25482
81666
60079
14386
62465
21561
39324
94543
29219
98979
74256
83564
13370
90260
95345
36674
11343
29863
67918
53749
61812
70340
42462
28846
96172
41458
7364
85515
91828
33311
55254
36463
27832
41915
21431
52522
51010
82719
21959
29983
83158
75281
41059
73690
92227
46801
40205
37968
80591
28613
77188
54205
70335
45054
72413
60153
45484
92563
45861
15883
82473
38958
78960
51897
3836
94479
25995
27103
17049
85255
14846
45117
58217
91636
2001
8472
25034
30786
93025
45237
74484
47433
11548
27919
77648
41962
26899
27383
2049
35966
82984
21998
54127
37137
355
31675
93927
98315
32793
34525
15220
21106
64462
89199
72458
13936
34638
93473
22386
94456
75218
13707
53863
5197
74568
30998
95630
54568
83242
51242
27107
12654
30696
74104
18865
83581
30040
60953
28597
89675
24639
8075
51912
45629
99200
25555
41601
40217
44897
83313
43472
32680
47715
11477
24212
8995
61171
13724
85973
44509
3499
45566
96269
69566
92775
49905
21379
5822
8827
70970
421
14897
52874
35525
61907
93196
80558
62613
76397
28960
18859
42388
52657
90621
81885
55100
92735
65992
20248
70152
65919
80386
29984
92282
63027
86232
803
12764
69516
12785
78971
92395
48033
81042
13435
33469
54190
89149
10733
59719
92033
59434
17822
96440
66602
42515
24911
81060
52679
64199
16974
21053
55438
44653
51223
86189
30989
39692
95143
61252
42170
44768
30209
64846
87896
18439
77264
23176
76474
30142
57936
10929
70277
87587
61637
25441
2425
80602
97344
83497
49648
73691
28283
9129
60192
90084
42896
18067
39930
29792
50328
5125
51226
83907
29954
87851
51456
80847
12477
56273
32467
49591
65253
21672
71838
33790
20428
55714
47361
56044
22597
11826
18406
91105
19424
70329
2485
15154
75283
58978
68667
38968
33915
12662
70570
69962
14729
46848
59315
18760
56827
50465
30657
46487
6005
44994
71129
35242
66279
39489
98581
56158
86532
29624
33892
10063
63052
74156
62753
93184
5350
51589
33685
41780
36325
13315
59152
58962
58760
27804
58906
17416
15802
41580
90459
7537
76518
75294
98335
71832
48866
27336
43349
24238
76644
90865
30981
36318
88504
29816
22509
84033
22914
28729
92300
36828
59904
98161
87191
80028
39877
78928
57751
49344
48754
30353
19523
51422
26193
93295
21216
23684
10930
25610
54330
75200
72998
61749
50085
34559
87030
6476
77523
14458
54130
92951
455
66730
7523
76283
56482
86775
96565
77450
84932
15934
81810
81936
97411
25439
8201
84251
99982
63717
54010
56981
49657
56467
64591
99715
50507
47172
17578
30561
17987
37003
52768
5815
69716
10330
35552
97932
48623
66933
75968
3164
37847
32538
43108
91043
22483
46126
45971
92256
59623
61518
97051
87475
19592
45936
74871
8738
19781
25125
60257
44252
68170
35351
31616
36700
16864
94050
49588
221
68049
13191
35958
54582
16326
38827
36493
57735
69671
51521
67752
33395
3250
78126
68638
27581
43188
65872
89886
4847
90668
99970
48172
45723
8877
17856
85855
78107
4421
11080
17948
37909
44519
50055
56330
16712
40429
56444
1223
23288
66552
49967
21199
9692
48244
79216
15593
11268
84591
68368
6329
70231
11038
78268
28722
37254
91483
9843
1892
7833
32561
12369
55288
44804
95218
20469
99916
92737
21565
11056
43829
16036
57604
62767
94983
96707
2966
71498
70689
67718
69423
77742
53668
53163
23118
79463
86779
53056
53658
38986
35378
32768
86622
4276
97621
29964
21796
76433
41738
24164
85094
96484
68314
46929
39231
30777
93174
41548
88961
69598
51995
26541
42563
18533
5206
59732
60917
77239
71132
96854
2104
55162
11499
93609
16642
19440
8513
49404
52530
38581
64607
16891
52118
3458
65104
74243
46841
84574
71986
73509
23576
76781
36897
63230
36059
8140
97846
22184
97445
10335
30286
16370
49082
55619
16774
50038
14249
40141
54281
6526
9425
1475
59571
34883
96962
33119
52153
15691
54049
49064
59135
83386
36905
93876
67074
29485
940
64949
64395
3983
77908
27682
27465
99660
86824
19237
90511
61226
3651
55775
25038
30147
82145
65936
27606
12495
5592
59976
75331
96444
10400
86320
17512
52594
17994
44902
37913
34759
34080
2430
40288
74690
75632
98574
21769
55065
43517
70488
36722
38274
67617
66972
31907
31550
86809
37915
48969
60993
52955
79277
48545
75574
39231
4002
50209
23229
44689
72032
79041
57575
39538
14527
57074
25333
28026
55010
88913
20195
49937
35501
55131
10540
70662
61335
39199
26140
21751
66045
22002
16222
79342
29866
19836
36191
51963
61021
67072
11581
34323
2684
19093
46578
76459
91687
55701
44366
80580
98089
35338
12586
63831
92881
46821
81310
86296
54823
56290
66388
45896
80922
95767
79287
45459
29698
48549
5035
49814
47000
83445
13103
52437
80895
65480
43338
24123
46811
4170
11825
777
83802
19360
52844
38198
86132
39269
65545
32035
32653
59215
34856
20406
9801
97455
62561
29244
67155
63627
3991
62702
72046
83984
96215
45471
59813
17036
5949
30189
4327
12132
38453
88070
38134
91246
89444
17425
50595
61019
43236
9883
14214
59839
13191
12137
24450
66096
860
27709
6674
82431
5100
58371
57825
31971
30326
58503
67281
62543
66000
42277
31807
49676
83249
48275
8710
14299
38048
8843
60880
67357
25008
98042
80787
39936
34837
69806
11026
61209
48160
30683
18947
32121
4547
12660
92940
8951
43258
88579
14221
19581
27198
12753
75087
95241
26629
87572
30254
66125
38710
82453
43460
17720
46264
77490
64213
87912
1164
56312
17136
65503
40372
83963
69978
49145
21754
72409
91629
21073
30558
43271
68067
96826
59058
85397
96114
31859
49736
92173
25511
59469
74327
19092
7517
5004
8476
50072
47235
42000
36557
15693
86110
21024
53894
22624
2453
74919
60800
264
88702
73043
96686
99162
47180
60191
7042
89746
48798
92371
45112
83299
51035
35411
30293
74438
76005
70302
75648
90816
53041
35457
85317
18822
38700
92434
4497
91666
91040
47210
64143
25357
43705
42238
52036
27878
82775
90171
95855
93084
4491
78829
72244
75580
41959
96008
81701
80009
98437
14214
61990
32058
68801
92087
84902
65912
15167
99727
81663
60407
2584
99684
54843
52815
14831
41796
1058
92697
1118
13628
56980
62251
5447
649
38401
22570
43891
36517
99241
80688
68789
97202
55409
49245
2002
49594
66252
81402
93002
88753
56817
99534
83612
95987
90736
26667
48072
82315
53864
9922
74345
40179
55204
92434
80939
36211
75014
41505
39397
87197
77663
60033
64404
56379
66944
93405
53519
61483
66315
73376
96790
71547
65652
53944
28797
81665
64508
82511
1969
72051
92200
93173
14566
84655
49528
30338
5634
63928
83314
62128
21384
88136
79319
89367
58515
84004
886
92065
12533
49001
5217
19701
3681
70093
72631
90732
60941
75484
98404
55571
52524
70779
6173
21373
15137
41037
28496
90539
39396
64273
38753
91140
48622
56675
11942
45641
26826
60061
12902
1292
51150
16226
48575
57790
12409
57137
70338
22567
72005
57454
66617
82688
19032
73686
43838
57574
37235
36147
11425
93023
52095
84136
75176
97602
3654
57150
12426
52745
8732
45674
36692
15339
31293
84937
96452
20858
74737
27150
15711
80948
22424
18726
64134
98195
67216
42835
94405
8393
35328
632
14216
41048
59732
65734
8658
54925
92314
57499
20495
7006
37163
29000
56188
79764
92302
75279
14722
64429
34823
16766
94197
1263
57210
85269
55045
16611
83506
70981
89055
80077
12397
51925
95961
16859
86510
56010
8846
99030
31483
39851
82979
97613
112
42925
25023
99149
90537
62749
94506
35877
94886
87041
91193
63447
9234
83687
71696
56730
96055
75659
88197
15540
75601
72723
84131
45702
107
2117
99280
24018
39953
97629
1728
92806
61294
97603
16592
90857
87589
78937
24904
76124
43600
29492
21029
88163
60041
67564
48946
16059
65794
11279
24808
70510
18537
21684
98160
31412
11629
31855
82893
51626
26276
89272
65614
21403
4947
74705
78492
76092
73115
69090
59884
99093
56818
7464
96939
50944
90642
17152
44057
5032
70577
79242
46072
93399
807
36147
35048
83744
42451
49222
41587
13193
60057
58045
28590
4257
79269
77572
1244
48580
31416
74117
59339
35990
5282
75721
50676
18421
65807
2257
53741
6213
77987
80259
93187
29645
2631
74929
13808
951
73800
55913
98493
29460
93080
43097
46882
47494
54900
45197
50456
73855
5566
97851
38403
72472
32130
5111
63137
95567
64383
25168
94232
9154
45034
5560
61294
64137
52312
98424
71309
60251
17902
33297
82703
24117
65832
89499
51502
48796
33237
35085
67740
32585
58090
40149
39080
68356
61071
1085
90882
91776
19477
63940
76920
28932
76956
81796
72728
24309
97091
85335
22178
91100
62154
34605
20869
50716
22308
35115
92259
29264
91355
16161
18974
11449
29310
77579
33231
58800
60546
49711
97710
67823
19847
95283
98588
18767
3215
97721
10131
43695
40302
63183
13518
23833
21324
67333
77079
57346
61067
3254
93609
65275
46509
78588
85171
37416
26768
71036
53091
73378
61265
6601
77499
94889
1939
80905
6525
37427
56974
55083
47666
89713
929
17862
69891
68024
51812
40225
7907
8168
11196
1951
88347
70785
65530
59307
74027
88003
22540
32674
72005
48070
15231
34457
46940
19697
96095
83258
46713
16797
80187
13067
32067
40728
68410
15161
2150
54058
79894
60873
71488
62219
39955
6007
49630
55192
16453
61533
6226
43398
9472
66931
3209
55270
49287
1810
67676
45699
93116
21870
2037
30187
46111
4031
33078
6086
9706
82375
34072
79518
89410
28586
17497
10832
92058
19245
58366
39060
93435
31646
76401
10903
36845
16132
55552
59380
24687
98651
43172
54017
35966
38120
46350
84690
54502
75071
33410
3712
56592
19616
666
60362
94762
55886
20381
28345
10761
10841
82087
8890
58914
34215
77691
26333
4026
24282
20238
54783
88878
4094
39978
49387
66761
99715
43857
37148
15425
43756
37064
12586
92287
37414
14782
55626
63194
46045
93164
51014
84884
11246
78355
53862
43736
30788
25496
52442
96332
8638
87795
5546
95145
39072
31347
1078
4799
83546
99790
5347
85684
41072
64042
7429
54107
71423
11650
92015
52345
86895
86116
43062
53272
26949
72382
16327
14068
59078
33704
65498
19963
70078
25853
90565
97340
40705
93999
10227
37758
27556
38696
83469
32596
33943
57260
18778
16524
86717
37239
80851
98464
32249
62261
16135
8979
69176
16691
40380
40814
79030
70527
99455
42276
59829
30843
48034
49778
39419
89763
3644
93777
39504
20181
69701
18814
92307
93867
38668
5747
16572
50928
5373
43966
13824
29793
47904
21181
12607
20288
90250
45314
77018
66215
20541
24295
2920
63825
55072
99951
38210
6798
15525
1826
1332
64252
38319
86731
68558
11097
26509
34732
77911
91680
97256
9810
37976
94940
29181
71982
4180
648
29690
32309
13315
76779
82160
42939
11461
42594
798
59128
17488
91417
78865
52307
44947
23442
32867
48998
18817
31257
88439
49822
65581
81125
40736
8794
32134
79648
68109
2258
65213
5773
65637
48704
14418
14505
32231
1627
49653
8113
86501
72869
97942
75052
75588
58195
21869
5836
18582
3676
10411
85468
15112
65036
90352
62121
73360
93932
34731
94894
41388
83490
90389
46789
91556
98854
25271
418
57775
63406
82320
51904
91566
83989
32133
76290
62532
57365
13781
81022
6481
88049
24594
77808
72208
84967
86656
58927
22955
80273
60823
103
85168
40891
82815
98700
77714
90078
46411
60518
80874
23313
75941
33961
3814
53157
77959
99411
64473
53446
19341
67253
66925
86496
66886
29929
94451
79482
72056
27919
79068
47125
7994
40177
48378
1286
98638
90496
23937
6234
46246
43726
75290
82561
54406
85570
60203
62059
23866
39076
81946
84553
43564
74261
73755
6454
91443
86319
947
24055
29885
38063
87871
68343
41417
46745
31010
19020
20751
76405
24636
81322
69304
44564
95860
49503
64675
89862
98711
3495
28031
21008
38640
41225
32418
69077
4775
29630
20935
85336
56372
13217
40578
46554
82465
48198
14464
17465
56046
81194
63037
57445
23528
32193
46771
56628
1684
31298
43871
29272
48266
98407
46600
89173
89949
41400
86540
66207
38472
48401
80617
48273
68733
1422
22079
14984
40283
73103
26260
59873
91234
27224
51714
81998
751
89665
89850
46625
50461
41374
21491
19342
10954
31593
99544
61507
87005
76339
23027
40114
29527
95685
31013
9132
45099
23591
65620
96052
15635
93744
74814
76836
92249
26725
15092
87437
82438
92041
16764
95923
52872
47791
3159
52818
90520
3461
1633
54395
10005
49637
51900
34106
8162
4089
72170
53692
64585
3999
36723
7228
8617
24066
18865
64072
51768
83924
69438
38782
39038
63523
31484
30295
80723
84056
71742
27794
21378
39697
29181
47025
17108
33387
49577
91216
25846
57237
6440
36624
65475
37473
6449
12591
43412
55621
10453
135
65627
37188
4048
56322
51308
97305
99800
94131
72188
60634
90567
76764
38398
13817
47367
11732
76225
43172
3949
6500
70131
30738
68030
95834
61386
51629
89074
72290
85618
78326
43019
67726
66103
24702
72483
20929
40510
98620
14818
61661
69560
36354
89439
77844
87845
58142
54280
55855
60385
23233
42538
74321
75612
36339
40890
2476
3660
77654
46624
49941
73401
69770
53297
60641
45695
82942
2329
13742
2971
29423
8035
11589
286
63048
40484
2574
75711
74440
53339
12017
1758
16795
97016
94221
78577
67826
54563
61260
21937
3210
59145
93805
68709
72872
8556
59746
22899
24022
59345
47334
25297
76255
92372
23396
13341
82245
85504
60794
72448
68216
72844
16024
75901
21542
41673
93207
43849
29353
27427
19231
96308
70052
98189
73032
33351
66226
52313
96135
91258
3159
35024
83761
10837
69977
104
20494
66136
55662
77846
85446
76298
92108
1076
47470
5387
59940
3047
35915
76131
91610
44073
18504
83525
42226
68762
99600
25750
81540
39555
64813
85504
42976
49862
14880
36871
76463
5908
99448
76231
92925
38890
24003
80255
90623
77111
41039
10263
33009
42263
28699
27766
57539
95973
67143
92960
17133
54475
24611
29086
25868
94409
39928
44833
91315
13231
47325
73637
24879
40872
67682
86457
53817
93350
89905
87898
62523
76157
97510
79392
19108
96423
36781
44053
8696
59888
92304
17957
5140
82242
66228
49553
3698
98462
97249
59504
16994
92621
55696
65446
15844
41652
44651
90172
60837
68018
85767
37267
37637
60804
92871
28266
32159
33132
50827
26132
28310
95514
61913
93688
35661
50502
87642
75573
94354
63409
29729
13631
87804
66414
35256
97046
49281
86733
90592
18342
24000
40196
43693
7357
99526
59278
3008
98811
458
22561
46470
53046
44367
32687
90606
66359
29016
32421
67405
13299
74308
17041
94536
54974
75919
12404
11443
51917
31081
39700
79488
30801
42417
37845
84981
79068
66376
27919
7853
58361
30130
82647
41872
67551
44084
28878
919
65049
25115
32693
26128
40803
36501
25813
70689
616
35449
9559
33866
65292
99867
74705
40790
23416
10381
10141
97336
36887
66702
10608
96113
64398
6810
50646
21854
55958
29673
55509
22284
47491
70040
29220
38194
39834
89436
96980
59976
74867
43643
81754
15362
52734
2038
61006
85725
92269
38086
95291
27117
88791
8856
61249
82167
26407
12242
92226
32720
71988
5913
68153
43810
74686
17370
16391
36915
90933
40002
65457
76082
86535
14050
18965
62223
84718
12557
38225
87749
29142
99486
39943
91710
28573
74671
85670
85129
93022
78087
21734
9570
61340
16378
60962
60521
31513
84314
86497
55541
22811
34604
85538
73614
70779
99164
41022
92651
75839
72365
93420
81775
5130
20608
85726
50041
73748
1084
66391
32046
13136
73129
42875
83136
85324
30818
73294
33600
65541
84276
46266
54031
535
10226
26522
365
47155
7345
64223
61949
40320
22961
98860
52212
69688
77844
66638
6710
10015
6047
91181
12110
82851
78673
29113
13440
38751
74754
4569
83730
50906
96866
64898
5502
4167
90494
85585
2654
16521
39122
58694
35670
53060
43253
21527
37814
36599
66437
11081
61858
78342
59532
1404
69456
34503
4555
69215
13201
32284
75556
48331
55310
59380
38492
44870
20308
23028
7771
53158
82226
46355
25935
36859
28306
24090
38606
77063
9263
53491
17390
51117
48645
11561
51289
92895
11493
5037
2195
30431
33607
65412
54288
33301
74576
73823
72989
21189
8179
18744
72040
42304
37047
6374
69908
75878
64401
56701
75294
23250
53746
23597
63103
13434
86391
76918
22522
22384
78276
54869
52819
61066
75478
26768
43658
56326
15329
17530
10192
43630
65554
85438
16857
23599
90518
27743
77584
7318
30063
76995
92657
98038
45564
21519
97435
5358
19379
39874
75477
11264
40783
42039
70552
55871
30540
25444
74919
46945
16339
38168
87522
55294
77113
51852
48778
41507
21374
23973
6340
40974
40938
28181
88298
31318
46161
88346
80085
53347
71522
86678
22106
23394
10844
74477
72996
87043
2772
16624
72559
28118
43011
91280
24054
42764
27489
13723
31736
60746
39806
82490
13866
86199
12866
95133
6169
53915
14400
53956
78638
67972
27528
83111
17894
2592
31243
30731
86285
10783
53962
91581
762
10507
5403
55872
27437
12847
19115
60991
21460
46054
63920
37942
95634
1223
39778
87231
59780
75081
9059
78266
79674
13782
47792
78825
89314
67653
71674
3327
92825
36146
48536
11187
51096
25184
96010
15395
51721
50738
21651
97979
37596
63354
29001
36235
42310
27156
6845
77275
3636
48248
45632
68696
22683
79604
64211
78489
81662
35197
9225
72327
63607
39479
38928
13123
58391
74366
39686
85814
50211
54012
3437
73055
78692
49954
79955
93108
8857
43677
14653
39663
77846
19865
40291
2349
47858
90432
36977
1415
68704
61375
71862
55273
49896
85349
66343
50974
64604
73896
39163
66610
71400
76010
61112
94244
83478
68338
47829
74116
95668
75413
8044
56830
22609
35482
72860
81853
95543
47374
16367
4169
272
47935
92533
79136
47910
48247
9971
34533
19815
29650
27311
70854
50270
30965
9505
13251
87868
91140
28612
5859
94605
53641
9511
55328
19184
61053
90457
31535
3764
9010
69309
60024
41010
45963
69040
91644
28514
65532
86953
56815
28416
70244
88222
16692
90570
37424
74461
72568
78045
67935
39513
74408
42097
30084
80165
8956
60848
3741
90058
17920
85784
45479
29382
11481
61774
41957
29250
26471
90047
60634
61676
47238
17308
77816
36327
67916
55125
31451
96431
16959
6216
59884
93697
21247
86228
73260
23263
34598
96488
135
12101
55823
16321
14055
55987
12927
14691
64542
69119
31743
60797
92298
9546
19912
78138
88788
51571
40328
6071
31947
39511
41962
18745
89880
45641
18816
24065
57809
51426
74557
41596
66170
87472
58613
29050
71210
73265
45807
71756
52711
52785
20154
76765
28756
17691
89490
24583
84194
20500
79209
13619
10496
95329
19330
90084
61917
46099
37948
70622
62129
56693
50106
65834
80123
75987
83382
90746
39428
85008
39472
72664
40884
39956
63659
14281
73293
30981
490
6179
25105
79378
62854
66035
89229
53589
64950
76136
30660
34585
26161
37294
67012
5171
80513
85197
3656
67973
14509
47286
24669
14738
41134
38940
290
87063
36338
38342
63468
50177
96755
42318
28019
80605
86452
55987
72094
46897
71606
28685
17005
85278
46280
72945
15266
59420
40770
84287
36197
11501
21338
76653
94691
9730
53808
54262
88082
44609
74908
6975
58085
18245
71467
82272
64049
36537
47593
30474
97872
79416
64276
82328
99874
65859
33647
33152
75131
43284
18452
783
45164
55112
24659
35480
29203
47850
36547
74755
95020
21869
62432
93825
11737
85641
82578
28561
69863
18123
58480
2110
51323
76995
96576
6346
14988
97932
64820
63530
85059
23181
55434
92431
70514
3696
22883
45021
51957
66853
67070
14575
5201
89617
30022
61441
24241
30328
35620
10552
51140
50689
51033
74861
17765
25287
55507
51238
10508
77059
69720
35949
94033
81624
84314
38366
85774
87684
11077
13455
47753
68496
81932
63436
31954
48867
65470
36383
57588
91042
86498
87985
19524
61406
44846
20801
26502
59998
51857
97016
46330
79804
36150
40218
11427
64620
55614
65853
16954
13653
40530
10462
4268
20245
60320
39918
34545
13451
18367
52458
15660
43741
99599
16942
20847
12894
67887
74285
91513
82606
82136
31585
60875
87229
15551
87897
49466
40390
31349
85787
38272
48270
29401
90508
4210
65408
30728
11586
57086
90088
71732
71399
38395
39979
20091
2586
68051
96302
67246
12210
34656
65315
68246
87616
12179
2990
65142
11955
87643
96758
63449
63732
41557
96123
71308
29616
9873
45514
35751
32165
54010
26720
93512
60522
37152
70952
98326
53553
4106
64489
69297
61389
27219
86881
16121
77248
72158
53443
75902
90261
36496
97320
27111
52089
10246
26354
82392
42729
73215
51367
4223
48044
95462
10068
47712
37720
51463
55782
17128
67810
27326
12517
26938
76802
69925
29543
91621
70158
97547
82739
72114
15254
21238
69392
9010
97565
40957
18647
2896
95048
43258
45684
87742
66362
63742
32456
73530
77456
6992
86404
16933
79192
63762
33293
48608
33096
14023
58928
2786
82632
79231
64778
79435
14185
87172
17021
60558
33935
35010
68811
82089
53934
71377
34322
82107
71850
12058
64271
29267
63554
88335
7613
70907
92103
98600
84608
83464
19792
67171
33775
46428
48063
5917
81330
73913
70986
36564
14376
96055
44462
13393
13966
56880
10427
74414
25305
67648
99730
955
35927
62050
32785
15899
23493
88187
21645
49800
98790
4187
6012
84826
38096
96255
51919
77680
23068
51225
1723
52787
82341
65745
37779
27896
32131
40217
839
35933
77497
71518
11675
53515
42735
55583
16993
25125
28157
10927
37082
91700
65632
23883
52492
135
15309
98226
35818
85278
33014
56787
48845
67620
85621
22123
85893
38735
37939
36378
66951
54573
5690
67845
18984
74428
18241
65444
33766
55436
80063
402
66395
56594
43233
94066
69269
32787
29360
28078
50200
26237
65326
39451
38776
81621
15778
33520
96684
8542
27861
55659
21257
81165
14690
23637
19773
23054
31383
84836
44505
82676
30282
86733
19159
83500
61622
69869
42248
95293
12224
22043
60372
98260
89832
43059
64867
55806
53221
97936
88616
54352
48921
92111
70795
297
60073
6985
16493
96704
24641
77777
78124
77467
49189
38211
80231
48286
79191
14302
15516
84597
85659
27610
12248
14815
17452
90848
92969
67211
23713
51071
46336
68585
15517
48143
53453
93215
82809
38750
28782
22251
41346
71614
7722
23728
56827
2151
50716
66406
46407
96524
60248
62146
92645
73767
10433
88979
93638
38523
10675
2960
3395
2057
6724
42975
56701
50710
63724
56958
51357
73542
23110
53080
97241
69073
52195
7793
50784
56930
25377
29502
79566
25639
64530
40855
53778
19361
74018
63148
44176
74082
52051
24973
28216
18887
13542
93579
5179
22551
70822
64949
77679
91034
6765
35643
69721
70449
71283
97462
12540
31857
14842
60237
52959
60803
48950
46160
81125
95279
29218
93869
5070
39327
79632
36182
18497
39960
28139
64626
58387
33702
56148
55026
29526
38519
91326
32598
26772
75784
87074
5296
53087
56267
28964
59621
34595
68041
72711
81448
57409
17774
63950
49002
28870
27824
78975
4434
51515
55476
11989
81882
55190
68252
82833
44742
89392
15651
39796
10703
51080
32077
2996
11701
19076
5967
87042
12417
57000
81192
20869
86950
2734
6208
1383
90516
98545
94557
42038
12102
24552
50934
10695
85554
91474
54147
55566
83637
43601
69283
1093
97503
64357
22098
22460
39006
25440
27957
12892
98804
34159
43127
86295
6852
48785
84293
14288
31072
52026
38672
82293
1146
14713
73962
84384
61950
57501
96185
37560
65926
82364
4571
90973
30224
8601
50877
6686
56073
97893
26286
84703
30182
68937
58679
67299
53447
56151
27510
93558
15397
82956
70176
84894
42479
27839
38275
88641
78240
80408
70613
10608
76836
44174
6968
81899
79048
84888
98338
95778
1512
85670
80089
89438
51198
31420
68112
5147
30840
30868
23449
58314
27809
69801
72552
88063
90871
91421
69744
46988
54641
83383
47221
1678
331
56336
25699
62058
1521
12313
47187
62407
1422
38215
15635
40432
49707
22827
63961
47969
90088
9965
53127
3420
78385
52955
9060
27839
72942
47328
83697
77972
69410
51147
16062
1867
77009
12447
30869
27732
75911
58807
6941
94157
33956
99371
7919
67127
2983
54947
57754
68833
28972
10455
89121
16737
83759
85564
47704
98663
20795
84683
47598
14751
49476
92880
36943
77959
92094
56662
68518
32077
39088
8359
7533
89749
53951
47872
73808
11193
13316
6098
20212
59132
48850
37
61877
25793
63829
56818
74624
16060
28820
29915
83161
23527
64890
16772
30887
53810
57691
76276
9240
53968
22578
23667
77220
55072
22471
87120
68794
78881
57234
19962
85504
6519
18685
62512
4399
26712
75124
15678
32747
11939
2032
46265
88924
6642
62259
36014
59983
74917
24644
36209
79795
29840
82094
87474
5447
53720
76387
78048
87279
76113
35383
33302
60181
26761
32617
88852
63893
58570
10273
327
55654
51067
20653
52975
52133
39548
62984
21717
17352
98125
15840
18107
3503
79621
87938
19979
58609
98489
81605
76892
16949
82666
223
80280
2858
15556
61191
4942
43515
284
99173
8563
35079
73142
21325
62819
54944
77517
55124
61567
29199
84321
89169
41453
99848
42199
84243
97362
99269
43801
21555
42419
83750
65758
50036
7156
98543
89355
7305
88020
13015
32611
82447
30475
81901
83364
83129
35785
40218
34814
23101
61492
32136
77511
81356
66219
12830
87412
13854
15863
36439
76193
69448
81001
81004
10146
33630
41462
77807
69741
64991
6372
15145
29934
69710
40872
83166
41060
1371
13365
64350
70699
79499
84417
14521
31081
18754
2778
13379
75078
46716
31236
2013
72262
56254
23215
41902
88440
80755
62396
94312
14782
33099
15879
35711
71872
99119
36947
47980
16402
38264
15151
96257
90060
25760
40233
640
22639
37548
79472
70558
56546
35302
37088
56039
20894
89583
83421
22202
42570
36339
40737
75865
71869
36933
63125
39452
79676
89585
46983
57149
86861
88760
38868
13752
47865
98786
75362
3827
51596
84284
12869
17713
35111
22468
26628
23789
11544
6637
82744
33020
21216
67502
7040
91381
66627
80176
84578
37788
32400
28019
16541
17875
4303
81055
71935
78149
79363
74125
18409
75553
84680
12666
18066
32026
86813
17388
85937
46089
77936
18608
10467
41721
89801
94944
55979
55157
98320
48853
6376
45439
63462
31667
30420
53291
28282
96682
99467
93125
93835
66764
51817
20826
17827
32984
11547
31277
57029
33920
19796
7007
12235
38680
6391
33305
83014
85324
67358
78780
28572
12407
61459
10600
25959
82904
57886
80839
45372
81206
93238
44777
61908
48530
65500
6633
54328
26513
140
56072
68589
74408
55592
19155
36424
86875
89371
76334
40619
86057
26789
38316
94880
89414
831
43034
33507
46804
5726
36708
51412
48894
55059
72921
1155
98617
42723
73038
17848
55464
4243
89454
71770
46669
98645
21111
21728
4356
2738
23417
6150
60119
79198
5999
98417
50269
87667
93613
69856
65837
43785
45796
46566
47155
92233
20838
41747
60335
58016
62165
81695
81635
89767
33484
35653
45019
1819
64102
92383
85257
21873
35272
14927
22925
18111
64572
50257
60424
27973
9339
50127
39215
85417
69816
22474
60643
31247
97397
86713
89454
38057
41866
65442
64368
15489
22093
80072
93626
31069
24737
44481
64495
36056
22422
66546
40471
27869
40671
52600
66292
96579
90103
58536
98920
88127
25419
18124
46275
4866
49396
7547
43683
30147
78893
59723
90790
79454
7474
89153
53253
39630
20295
74178
54845
86752
67863
82335
75583
84586
348
71078
64684
29452
26599
95568
50456
62082
37441
47493
34921
54336
11141
81907
80573
68238
3462
60120
95673
33827
68437
54932
3995
95883
7248
99967
79349
33756
90087
99221
11940
15122
41206
72869
26501
6125
90805
74289
63525
11189
27585
93407
67173
32490
39205
91023
3016
55978
35392
99116
25
70995
41752
24714
69276
55326
27794
64552
40103
40943
95852
4464
54093
15992
38819
65217
1360
92180
53043
98466
91661
75995
15557
59015
85578
32735
50221
31215
41686
42691
29111
81372
49319
67995
91141
73127
52152
7622
94099
21817
30966
87663
79720
91512
81312
11789
75209
88668
47529
92502
68645
54545
6240
48601
69416
2990
35092
39868
86706
72414
41190
87710
26416
82349
26307
11441
72359
52086
51609
59561
55672
25138
25938
66615
11661
265
45748
49279
18027
25787
65464
10629
45706
80188
99325
20513
45700
10897
45365
37025
33178
23888
72109
64230
71328
7056
82796
36624
91238
7196
99953
49514
38127
29017
74076
87375
44205
2677
24463
80406
5223
33283
35197
25413
82735
91946
2129
74217
31547
32367
79792
94200
76254
12321
44560
84665
94489
63180
56620
93581
85028
11445
80101
57418
17001
29541
91697
30413
31475
25205
31141
62236
68732
41073
41209
11069
88704
42279
52028
44794
8897
24508
20325
82693
65274
66659
60013
61623
96809
63060
80183
72643
51022
32488
36318
74354
82603
87225
39362
49783
23292
31065
49606
15885
62988
79448
10716
21813
28199
22888
56128
28659
54548
9414
62880
98916
6666
73906
7632
76130
8798
41306
96475
33779
98370
43165
77876
30117
78767
2393
58141
95910
63917
38659
59415
51702
69193
23546
80137
75659
83991
95052
35058
43641
60110
83998
31314
52743
44756
90691
85277
63299
56866
96649
66315
24226
54364
81485
30063
4126
40848
93311
43735
29567
57190
83140
21744
4920
13181
86654
56295
51968
81538
34736
23350
24628
23570
52970
70352
34955
53877
73605
5949
21341
24302
2058
38176
93705
26084
77955
3502
58431
39895
96579
39570
40960
11016
63549
42523
16670
95283
30627
70222
68697
61084
35343
75444
60793
81542
54804
89446
73799
70444
662
10295
58152
78908
13938
37418
74281
29477
84204
67135
60628
17588
87696
99563
72021
69461
79980
23488
16649
54214
45979
99289
73560
6877
24466
71871
3355
22216
97561
8755
7072
53592
32791
53096
75697
79791
96675
44922
38254
11926
51902
48669
99955
62931
30075
18193
47116
66327
97292
26644
31869
31899
33283
27371
66342
83019
194
27836
11129
64483
30364
50117
82558
55449
95075
19085
59812
74744
10912
30356
86456
38570
13254
31795
38435
99447
43652
15124
53010
98175
43329
82163
84275
39883
7805
61081
2859
20784
231
94657
90780
90035
14872
83901
26303
3451
48749
84604
16153
43012
86602
95654
18238
41543
38808
50223
59932
18875
96905
59658
72893
57066
23646
58416
29564
24805
57436
4447
91938
9663
73385
10334
46307
48670
62413
89229
89700
78366
60617
96821
79415
96607
18212
29319
21923
33830
17184
49583
10089
81038
30608
73069
71267
86090
5918
73841
94770
80471
69784
4465
33913
1730
39693
51382
2271
59786
46943
22160
73236
44002
42213
82645
43270
55910
56546
36459
6002
5824
58638
56332
36236
85639
91816
92358
70728
33331
18667
26297
31378
68166
33332
36162
50372
70349
38401
99485
79153
69662
12900
66783
67796
70948
76652
72429
25279
21466
92484
49250
6896
69985
32924
72074
66328
73543
79306
18465
7479
10723
4623
18749
52791
88477
1125
76234
60916
14254
13296
5766
72297
59466
96516
61846
89952
72492
2323
16615
24983
44578
99293
72474
62189
28433
87154
82128
657
83539
83414
77625
35420
39325
42948
69089
6314
19282
8835
5998
65658
69757
72357
40226
78466
7520
77240
30266
24222
94202
60598
93301
81425
76779
51818
94303
76009
63748
28527
74190
88979
97550
168
31812
22995
59570
17872
96201
96854
61583
22236
19515
62606
4571
17632
3385
10604
89220
7875
207
37134
65104
2583
24940
78863
87935
68049
39964
57191
60263
67832
98966
1219
82713
34227
43692
89126
1858
39868
89263
34848
57338
24810
74477
85210
63711
98791
17553
85967
38693
92888
86180
10476
73262
70236
18165
14985
57295
84897
80662
51783
44936
97085
64496
8130
31702
87500
12812
51887
89870
62825
73171
30258
55822
28129
94698
24864
90287
25422
9451
47882
96876
24816
10814
69574
75639
45257
94555
38145
59200
99526
17789
40528
38148
97037
48496
82663
67437
67695
20898
4688
31098
74752
20695
6351
47691
8841
33010
55851
39123
60588
81978
28640
74625
97019
68680
42008
24267
2435
85466
92756
63654
42373
77889
34288
19590
61556
33979
9061
55161
97178
76383
73989
97656
93847
14299
26030
90070
20175
42340
45328
3365
40443
83228
65837
51660
61958
41537
49202
70858
95793
665
99654
88634
89948
49491
41993
87259
36936
27453
62126
16818
44815
80259
84745
54059
33422
91339
89316
84815
32078
89199
51523
14440
96297
63678
72128
37761
37311
12108
20446
97539
35830
59326
58906
55488
9288
97123
29655
74122
69475
871
98060
68709
43780
88568
2821
82115
11185
74300
50111
54524
18964
75278
45496
18683
41585
85675
24940
85462
83996
69589
39472
44266
43328
67131
6295
95301
32376
40470
63707
70943
85108
39163
64742
42251
27244
29892
86048
21149
1279
18743
17790
46019
95293
30616
73659
42884
85895
97398
9901
89441
33431
11356
53819
75220
89003
37746
38658
26710
9978
52888
68050
49492
80792
42805
77103
17400
9419
19690
65069
11041
53652
95610
38558
80065
93427
4643
8065
64824
69600
87669
83283
57888
23104
61953
59926
17085
13463
24500
91806
83973
69035
83590
80185
69632
53340
41973
40364
18849
87170
98079
51868
50349
56665
59051
55069
93051
11978
11198
1099
9541
53287
12116
63730
60246
12087
5637
70475
79056
30161
86602
93740
45529
33320
44050
86401
10717
23582
91757
54169
38590
46937
44713
57749
12597
86830
92610
95278
37303
27385
50226
50203
10992
72164
58500
13182
34387
63827
66178
16108
47135
64811
52863
22665
88493
87472
93551
69395
59073
93806
1178
22805
33370
2087
62140
1406
80163
10538
7108
95589
77478
95732
99683
64857
31748
7704
68920
82266
62659
64881
30010
46588
25130
87047
56498
37440
14789
52735
86246
1713
80193
26329
79927
51093
95964
91855
56503
54502
94490
4219
4474
4463
11309
833
86222
23439
85769
84483
38631
9985
33883
53973
14008
68064
10933
38517
10620
18155
84262
46177
34914
43238
24142
76585
98991
92626
96049
2884
55461
43194
58715
10162
18671
32940
25556
68366
21875
13168
6304
49138
72559
87989
33867
69578
43398
50642
78153
42558
69686
59987
42101
45489
33124
91722
20189
50856
65626
96719
48915
33773
83071
73018
20765
30622
54400
40250
20308
37415
58664
54119
92588
11176
7352
95293
50337
89218
69668
35056
9138
20813
50927
67712
73906
64324
960
86154
66331
56373
41194
64781
9212
29156
81384
94674
63483
51702
99222
50308
61826
43413
51994
39006
80353
63124
81408
13563
83009
92432
26692
46660
95256
30684
48074
23829
21157
30462
8136
58750
9588
138
37328
74804
39888
74415
12957
52084
42131
71787
73166
5640
43704
66283
40003
52571
72743
90607
28740
76262
9674
14448
47270
202
62254
47398
97011
10343
76261
14000
19881
98071
36698
17371
27098
92052
76420
65948
80942
41483
37918
89113
67193
98844
9635
17287
16019
44016
69873
99965
17490
99832
44235
69686
82417
48217
91509
8783
15841
37323
31170
17824
57994
21505
16885
8627
46053
46644
84870
62884
53472
64658
62284
38320
18758
15473
48229
45827
90542
18194
61757
41173
55063
43605
59837
95014
24726
71518
25663
56129
54499
91580
92915
34134
36592
89076
94366
10829
58145
62024
95258
71839
63184
30425
43226
98122
16621
27861
93367
52925
91811
70768
98679
72302
32871
84903
29271
6920
26797
48711
31519
8599
53651
64793
52493
92338
44875
94549
53169
52035
59915
52364
52092
50910
75327
68923
49989
12438
76106
64761
61193
5101
69244
51212
30434
42631
89069
91327
16718
86731
17805
28022
15603
97612
14676
47710
60674
65067
91267
29606
65474
9838
99624
61808
38758
66889
31682
7306
59209
24838
23897
98707
4788
63641
86141
57091
91216
46919
94552
73274
16532
65600
89815
10343
65087
9846
89977
81629
82440
60117
64012
58909
11540
53661
23713
38833
78582
78975
58846
13093
70041
52631
12381
82712
73573
57536
97104
89113
77648
68402
99258
78265
96681
3868
34180
99514
73493
63334
42486
85302
89923
88700
54970
74765
99566
80942
58730
24057
76086
56932
46181
5584
38268
91271
8332
83868
79517
83701
78558
89112
36620
25829
15888
55339
10162
8685
8360
62509
46208
93285
46798
72106
39732
42634
82315
95027
63092
33486
3867
96482
14897
82899
31915
24551
8999
24170
9471
88840
38217
38262
56142
47459
51155
89099
68719
43240
94963
8843
32121
73196
26792
43447
53322
24939
92104
48023
79181
48786
16447
57410
20791
36922
95791
5436
87415
70133
80604
35665
61088
81632
97047
30637
88976
72456
1614
52056
99883
19900
9756
35457
51050
25196
22158
52723
72602
98120
7815
53330
26469
30325
86247
94584
8753
24840
78504
31354
68144
44459
84169
68845
52440
23197
54090
70154
92247
16984
98173
53898
39172
96668
81308
19055
89464
22688
67854
21552
6443
66764
99535
17181
10212
5043
72786
76561
67843
89551
63131
90
30237
54958
63979
86104
5280
76671
22368
33833
14843
74076
4967
48953
83015
57071
19845
80724
19212
26774
93279
46159
9037
57682
98242
89559
26270
90132
23369
44147
35658
89102
3003
15899
83969
88155
93747
49153
58173
85891
79246
54011
53545
47058
92334
37479
35859
46219
35376
4700
77736
52248
38738
40202
98924
85610
1160
6017
84499
12764
46464
8699
74538
19300
14792
99390
53112
3725
40379
90831
35291
52517
28669
78828
574
21554
77948
12861
21685
69079
19924
31411
89633
90629
2699
87438
64024
99649
78085
66892
55711
96234
38939
23834
30691
71312
63329
20631
79621
52719
71200
49673
8472
33533
41789
77891
52132
11775
89690
42476
80023
74409
71725
55004
47334
88292
8685
66031
78476
47341
68806
5618
7988
24616
23995
63961
96845
80442
41493
35399
5545
73815
81408
48786
68828
70331
9671
58051
80308
10536
87489
95705
27756
76668
70570
35582
43866
75954
40599
63575
58139
70951
92002
68554
60014
65855
88855
45128
68230
96520
49840
93567
33151
12972
38226
97256
91360
92710
13333
9126
7687
37083
49637
63065
88045
52916
59084
83611
89969
75093
81351
11176
1021
59380
97107
15116
33492
50064
57973
8815
10566
24993
95990
22531
61385
4342
31021
26235
70102
48823
96122
92722
85566
72895
21414
54631
94849
45105
22862
59812
99201
48227
52657
81944
81867
94896
64269
91923
22546
88238
77169
74772
16828
76254
50856
3635
27920
36676
83455
48187
12746
95322
25392
3054
47068
6496
7100
47841
77889
25521
89299
86161
45446
87122
30083
69718
18838
40926
8947
74747
87727
10527
11847
75100
10166
22158
62137
31110
77741
54626
98594
28088
43846
31362
94587
98324
31986
49039
46356
16938
63795
86979
70764
54385
54712
48681
13677
14101
24397
77710
91598
81917
98620
16578
12221
64606
55257
43075
22796
78561
10630
9551
19024
62401
289
70621
29080
91903
35925
24582
87636
2507
16739
1480
52695
63534
62047
97397
189
83723
58235
49237
14145
65716
74358
24826
30744
195
7236
12495
33573
59084
33978
7298
89384
74682
99995
19267
70344
25691
50956
99319
64075
9413
26671
24673
70076
42054
21912
68405
73696
23612
9735
83975
34922
41173
42964
41098
66590
68846
12673
18647
43623
6112
20239
97818
84466
42582
23687
84934
96943
82563
67579
30295
38285
94705
93521
95718
86702
66948
77440
3163
59807
64078
1732
61407
12275
65250
81578
38545
3963
60994
86870
1763
20513
45382
40629
56349
18325
56184
50187
18442
60748
76567
31271
6754
59718
52750
11715
22643
10764
91187
72428
40574
9002
35010
28274
11113
6258
2834
9962
62275
75329
40768
94234
98273
90562
55836
98018
16986
15834
10605
43173
14453
8160
39499
48150
5756
34486
4269
74888
32979
79741
29712
84221
24025
98071
29261
58070
39097
76456
71918
77522
7792
35484
25537
3205
18261
62773
44780
14252
92496
74178
38136
43170
62039
79315
86321
84339
65936
45782
87397
40531
72890
50862
68901
8612
38537
99450
19089
25440
50720
86384
9390
44465
65088
740
38962
13665
65144
77643
90031
59622
93237
41948
67016
6615
31498
30742
95639
57047
54406
62880
71628
56730
79446
27607
55480
50335
29773
32543
76786
77761
65239
25781
98230
26713
7753
20368
18929
93957
75061
62687
37867
76715
80135
90472
77884
14447
30613
6809
5449
26092
53137
368
82534
70476
69625
60526
82039
21366
51054
9146
92361
68862
76495
32866
99830
69684
27302
35384
49680
41593
51500
44286
10787
2459
7388
21964
61515
47709
50367
93640
5550
69601
17888
68662
1623
53217
51612
82293
24584
54467
22497
46259
82538
60626
23989
64016
27104
4749
61928
13849
58681
32145
94457
23444
63238
52165
6534
93022
35542
10388
29915
52654
93294
37104
50260
27455
71283
84975
87639
42273
45646
92948
76582
89496
18759
42659
35399
20440
72063
36208
2692
3767
37355
70466
16275
63047
11803
42753
68639
13609
37018
60358
40166
2826
46148
73156
78223
10030
9289
11631
33020
86964
75357
26963
55317
85326
84524
149
97486
25299
55629
42565
34555
60308
6509
39538
36934
53127
46989
54800
76202
39731
97224
7636
53394
79476
48993
86323
31410
34186
5960
85621
69513
55587
24568
61142
53093
59640
39141
12422
43871
73029
72965
43346
80394
15194
4361
80608
51359
44543
73544
69603
12493
83190
26382
89761
664
67037
27621
31991
58680
27710
10012
19175
94205
21926
27031
21664
94429
9196
61029
64873
75814
83174
31055
64325
55203
72424
28371
96519
16556
60347
38194
73733
41552
34309
51659
40190
73022
48351
46490
96577
38556
9205
27814
63414
26023
2296
11273
19071
96552
34077
6999
74344
54615
1992
40148
62406
60963
46481
38474
65450
55264
8206
66547
87697
38866
60439
90740
47549
39560
17604
40556
38354
92132
44529
12883
42935
83079
88876
46703
86757
8707
32111
16334
71151
78212
95902
27595
46958
95311
58811
62494
92631
39786
35445
51690
59990
73140
92175
6556
27389
69508
89929
76477
84614
89850
7552
3985
37863
82437
12169
73302
34871
87098
28364
72971
65523
18494
23678
62041
31157
65466
96400
87846
56208
84172
87243
30024
31573
5992
52285
15156
98569
73139
38011
5025
46827
24999
45997
55012
11271
47533
26282
69615
32649
79502
47579
37599
93401
51789
22493
49557
79946
48369
59604
60529
22023
51444
12049
11904
55869
50636
83598
24260
6226
19597
34612
13979
88123
30363
44802
69975
84710
62796
43479
82155
97985
30770
87421
64826
15397
1183
67397
27220
95269
10116
95059
47621
31389
38647
25787
93773
39600
81669
89569
33742
63537
74473
9787
80532
7310
83289
96522
1250
30878
96348
32250
93416
92100
67344
24123
4988
89548
9616
83564
44231
99553
10650
33554
17755
61352
64954
50943
51697
55955
38163
85377
29899
16068
2959
4586
84884
71945
32126
33639
15240
70545
22715
28692
78084
64274
85549
65933
76613
79485
67317
17088
49067
209
45536
30529
66
48457
50443
69962
70579
59728
80454
19154
90139
57772
74333
5450
69204
3461
30496
29608
56218
91649
7041
10888
9442
82873
26059
62537
49574
49334
79556
98643
88723
11577
49164
2552
61371
75934
33139
36064
9767
89922
81413
48601
73447
5240
31940
27286
9625
23092
89296
82042
39363
31191
35104
43649
46416
1499
11705
10797
80473
724
37989
11468
49748
41219
10225
71270
84510
96415
82172
79901
76461
81898
83301
49663
87816
47399
8388
56123
59159
30820
65790
74259
9733
9730
9606
7075
71587
78524
36032
96671
28542
88830
32119
15564
77599
50097
40032
18646
69324
66992
91311
82217
892
25970
62114
72766
12647
85462
2606
19254
82044
40720
35869
20666
78480
66725
10923
29172
21069
49886
51889
65067
43827
83931
6188
35089
39787
81503
60581
49898
90358
24480
98370
1437
69671
85209
93008
21025
15611
48842
36185
96416
75847
57633
39946
55725
90488
43350
11216
82239
75785
99143
28443
59946
53561
45095
86155
92571
44458
6195
61987
81639
81250
2248
8864
27713
93711
30979
97433
69750
79492
90578
53817
86319
29347
11500
27140
88416
48947
93282
41398
3891
60187
5701
40408
98545
72575
29841
45952
84481
68395
15020
15970
94121
59640
38076
50245
2066
2514
62383
42283
4953
30517
91166
42595
13562
58424
9698
66893
59661
62114
64679
66659
93536
84912
87859
8350
3916
5841
33038
83291
95440
5937
93117
15425
2921
29048
46102
13313
80440
15818
2187
70468
