8106
-514
877
2709
-3860
1396
353
1311
1874
-6741
4259
-7152
4756
6230
2251
-2841
-6655
7962
-5377
-2503
-2852
9019
-3822
8563
-6449
-7875
2501
9316
-9688
5171
9739
-2329
7523
7111
-3594
8683
-6817
-5542
-3114
-8303
8596
-6716
3330
875
-1457
-7603
2218
8372
-9259
-8950
1871
4284
2426
7416
4759
-9808
8483
3379
1927
-1414
6947
2241
-5983
2183
-2393
-5632
-3696
821
-1466
-1053
-466
376
-1661
6798
-3931
9428
-9803
-7324
-3612
1265
4575
997
-8305
-4251
8435
1531
-1862
-8664
7220
-3473
945
6039
2858
-9798
4374
7581
-6510
-8332
-7961
1663
4892
-1152
8954
9240
-3538
6612
2337
2058
445
4294
-84
1281
555
6767
6095
-9140
-3225
6671
5761
5123
-8931
-5975
-879
-8186
-3524
-4171
2440
5588
-1197
-3892
1543
-1334
3173
-4006
6339
-8817
8772
5766
2213
-4719
-6293
4815
-9814
-8138
9517
-4872
-6773
-4248
5375
-1591
-9950
-4722
7935
-4436
-5448
8602
4064
8641
8923
5255
1032
-336
-9437
-3208
-2256
5278
-214
6678
315
2664
9560
-2424
-2657
-4276
6139
1845
-9466
-9629
956
396
8281
2983
-4728
3061
7551
-1021
-7300
-6419
7597
-7693
7761
2952
-733
5788
-8870
7092
4715
-9679
9215
-8136
-950
-1014
3439
-4990
9630
-889
606
-8321
1487
3030
-7003
9441
8848
-6398
5999
-6362
-4920
-2922
-1079
-1778
7916
2920
2453
3935
-7758
7434
-9943
8724
-1261
-6023
5549
-2370
-9680
-3476
2571
2028
4962
-4457
-9223
1883
-9859
-3931
251
6208
-6565
-302
5616
2426
1977
-6992
-8732
-4916
-4043
-4255
-3495
2384
-7160
-420
-1375
2477
-1764
6609
-3955
6315
-5799
-8889
-4448
-4648
6333
-3508
1060
4202
8618
-6209
-9305
3930
-8137
1195
-7580
-2450
9741
919
368
-6788
-6551
8850
6431
-5124
8191
8067
-6152
2678
8949
9411
8741
6133
-1499
832
9668
-4449
6463
4026
-4944
-1748
-6262
-6814
-3341
-5847
-3183
3702
-9761
2919
149
-1307
6233
-5601
-2159
-3384
-9849
5238
-3621
-5106
9146
8131
3842
-335
-3135
-4515
-4942
2118
-4255
-8604
2225
-5838
4950
-7421
9396
6317
9904
5241
-2398
5793
4553
2024
8661
-5371
-1113
2944
8233
-7804
-1768
-3637
-4251
6274
7593
-4799
2646
144
-2891
-2528
9704
8065
-2446
5175
-7177
6199
-1292
499
7783
6676
6265
2
9832
3362
-508
-7377
-9846
2306
3997
5624
7247
-4889
3988
-9156
1072
-6963
-5583
4981
-9015
6928
7898
1007
-2799
-1914
-9576
-6194
452
4949
5635
8510
9212
-5051
7536
1247
5681
-6358
8882
740
-1942
694
-7146
-9877
-6489
-8421
6916
3757
1193
1948
5782
1075
-7737
8467
2489
-5203
5679
6899
7269
-4811
706
3252
9097
-4361
7307
-4157
9188
-2780
6245
-3975
2692
8549
4558
-211
396
5314
-3285
-1345
6281
6882
5044
5148
9455
5593
-9014
2587
-5828
6091
-6501
3084
3354
-3932
-637
-3928
9862
-3363
-9863
-4092
5546
631
3305
-8139
1139
-3053
-4153
-3827
7015
-1739
9343
-4952
-6967
3803
6759
938
-6564
7639
383
-7449
6004
7402
-2886
-2972
-4198
-6920
8544
2354
3055
-8262
4481
-627
3106
-8799
-1296
-5698
3757
-4275
-3264
7320
619
8672
6209
278
85
1428
1777
2727
3112
8949
3686
2558
6318
4985
4434
-6582
-4904
-748
-4359
-9786
-7129
4263
7922
-1042
7910
1650
5182
4041
-6446
1779
7669
9680
6941
-8286
-3662
6877
-1889
6089
6228
-998
-8897
4686
7748
2210
7755
-9295
779
-9952
4657
3717
7147
6743
8263
-4556
-1025
-8123
-8463
5110
-3714
-3960
-9883
-8936
3357
-7911
-9637
-6970
640
7156
-4818
3460
6609
-5959
4093
878
-6095
7087
-3911
-4414
1500
-7580
-6070
8185
-2567
3366
3741
-5528
3722
6306
-4879
-9045
5621
-9722
9587
1601
-1085
6376
-6555
1020
-8522
9880
-6371
-8918
-7633
-4789
-5779
-2565
579
-2437
-3918
2572
-5972
-4027
-9225
-2692
6919
-4592
4014
5227
-2137
-7688
1294
9947
557
-6683
5508
17
-3520
-9909
6093
4383
6325
-8617
-3882
5007
5011
5404
-7348
6551
-4138
-9607
3273
3380
-4157
-8009
1106
-1333
3924
-9499
-6651
3957
4461
3461
2166
-382
-9889
-8040
8262
-228
8994
-1702
1977
9627
-4191
-4400
-4027
-5176
2735
-5278
-9325
-5815
1096
-9180
-5506
5000
7154
2893
-4389
-4585
5302
5122
2232
-597
-4966
8841
-3740
7530
-4786
7534
8277
4760
-7130
8297
7016
-1587
3991
-2144
1484
-5048
9757
-5084
2800
-8470
6097
3758
1492
-3871
7612
-6638
-6347
8223
7791
-3006
6582
-4434
-491
-3678
-1953
-7863
838
-1615
6024
-4675
-6589
9953
2286
1200
-1456
-5077
-6742
-3946
9806
9981
8930
-8694
-9066
-1454
9796
9472
4789
3430
-5427
6522
2545
-2161
9308
3135
-1384
540
3098
7516
3396
-7833
-7688
3993
4633
8929
-9286
-7524
-5576
-7253
6835
1590
8099
-1930
8311
762
8501
-5681
-4630
3798
-9244
-5916
6936
-4628
-3366
-7233
-7402
3325
-6385
1231
-1073
7231
-4315
-5992
2723
8582
-8052
-2230
-6705
4880
4211
7891
-9465
-3545
-5334
912
-5005
8586
1627
7134
6293
-9231
-4151
5048
1891
625
-454
-2178
1003
-4538
7428
-7379
-7175
-6744
7248
-9595
-1316
3008
-8343
-6070
-7860
-8124
-9289
8847
-1837
8813
3190
-5287
-9143
9586
-6441
-9068
7170
-6700
4379
5010
4783
-4060
-3403
-6025
2503
-8865
1384
8969
-8568
3296
2391
477
-1760
-3977
7036
344
7188
3146
1117
-5835
2144
4610
-5002
7038
1414
-7336
-2533
9005
-1905
5060
3532
-5941
3431
9588
-8525
89
-5616
8819
3864
5676
3705
-8552
-6427
-5917
6838
8517
-9289
2611
-6595
3693
8821
-3193
1
7832
-1669
3124
-7133
554
8759
9389
-3747
-7923
8835
-4964
-2211
-9213
-1842
2498
-840
-2347
2020
4113
-7237
-7166
3842
-3813
-3300
-5132
1177
-1648
-1488
-241
-5468
7307
1380
-1073
-9380
569
2232
-9290
5873
-1404
298
4342
4233
4876
6758
-8490
1422
2714
-8814
-3562
-6367
-1881
-1056
-172
8906
-9636
-7308
-8521
-263
4189
-7312
-4670
-5897
-4333
-5227
-2972
-6120
4240
1420
9583
6293
2482
5145
8580
3001
-1807
1465
8623
2789
-4464
-7770
-9850
2551
8230
-8241
3622
2948
-8114
8051
-2054
7007
3921
3428
-2455
-2407
6395
61
6606
173
6281
8891
-3625
-1532
2920
-6385
-6221
-1278
-6583
-1559
938
-8581
7821
9337
1448
7827
3798
392
2290
-8149
105
8395
-1042
-3378
-4205
540
-9824
9890
2469
5753
6374
330
411
-9597
8429
4174
4823
-5026
-6819
-4599
-450
-4487
-9616
5785
8227
-5028
8510
-4081
-9232
-4060
6376
4473
5854
5911
-5148
-4335
-3819
-7171
6459
-6207
6918
-647
-3226
-3010
8496
-5735
5235
-2324
-7650
4138
-2097
4077
3886
-5577
8724
6498
6781
-8576
6423
5765
-5412
4749
6098
-6583
5841
-3150
-4749
-9754
80
-551
5978
6536
-2496
-3635
5062
7172
-122
9067
-9159
-7059
-261
-3029
1472
4361
7532
9512
535
5494
1830
1184
9343
2768
-6239
-8410
6868
-7833
-3458
4021
1057
-187
7085
-7233
-4821
9796
938
5437
-1404
4661
-2851
7701
1409
867
5711
5058
9881
7736
5655
9913
-660
9242
2780
-4925
-9881
7528
-7079
-8259
8412
7536
-5184
8206
-3556
8138
-2282
1596
5735
3628
2943
1085
-9422
-8316
-1984
325
-3038
1494
7272
-9106
6060
-4602
-6344
-8119
-4174
3916
-9812
-2991
-1081
9778
-4478
5220
-1816
4852
-3126
-1419
-5505
5555
3963
9352
-2898
7949
-448
-6802
2483
-342
6351
2774
-1263
3141
2514
8477
-5384
4961
-7928
6507
2237
-7439
-2653
7624
8649
-4849
2275
6936
4409
370
4336
-1685
6665
2451
7420
291
-7867
-3607
-9442
-4665
496
-5689
6174
-2981
-773
2416
5164
-1690
3837
6794
3757
910
-6992
9759
1078
-6271
-5740
984
1675
-9139
398
2425
-428
-9872
-2058
-2004
7947
2282
4817
-9957
-6758
5516
8397
5755
1543
-4797
-2164
3576
5574
-4549
9123
3943
4591
-4737
9929
-9977
9738
4674
-8350
-7871
-9964
-192
-7981
9970
-7360
5626
8612
2469
747
285
9920
-7830
-8806
8731
4490
-8339
-5369
4641
-7174
-56
9368
3562
-1140
2860
2217
5580
4397
727
-5200
-2244
-3579
4655
8978
-6285
-9299
-9931
3252
202
1474
-1419
4399
905
-1377
-5175
4963
-5241
3151
-8040
2868
-2817
-9371
6722
-6810
-9539
3814
-4771
799
3698
-594
360
8919
8377
-2828
-484
-189
-4539
-5908
-2017
777
938
2220
2375
5990
-9254
5808
853
8670
3916
8507
-7918
9299
8888
-3024
7472
2524
-631
-9601
-1556
-6363
-2217
-9545
1431
5401
772
-4163
-4790
6520
8242
3430
6810
-3410
3311
-7025
-6184
-8845
-6857
-6715
-8938
-2339
2920
9677
-3207
-7536
837
-2824
-2080
-9070
-2253
7158
1579
644
9235
-2581
8720
-7453
-4145
-9956
-2737
-338
7290
-7614
7605
8666
-9257
2386
159
-8448
3114
-6108
-9237
-4589
-9598
-8641
3363
3982
7949
3049
603
4293
-2765
-6310
-7077
5329
2029
-7534
3496
1826
1996
5435
-6871
1035
3742
-5039
5572
4889
5923
8647
-5133
8159
5753
6054
9319
8116
2786
-8703
-1354
-321
5736
-3674
-3697
9925
-1644
-959
-4300
907
9915
-1767
-1504
5470
-5237
-9001
1862
-1229
4363
9417
155
-3741
4763
3764
-5809
-450
2368
1784
624
7510
-7912
-777
4705
5155
-3460
-6784
-85
184
-8919
8832
-8687
22
6145
-664
-1298
-5719
1593
-6479
-8971
7836
5109
2182
-6267
2855
-7245
6563
-3956
-1491
5432
7750
4626
-224
7854
5296
-9259
2998
-3841
-8155
-2443
2742
7987
-7839
5712
5096
200
-8948
-9367
-4126
2484
4631
6523
3576
-93
-117
1416
504
5607
3390
-3840
4326
32
5274
9227
-3001
-3791
-7795
-5860
-4698
6205
-1704
4943
-9257
1456
1781
-4540
9330
9057
-2760
8344
-4363
-4171
-190
3442
-3944
4958
7838
9100
8626
-5289
-5139
246
2818
6126
5577
7350
5135
5305
9643
-9360
2242
2889
-7220
-6160
2495
6536
399
-8746
-1325
-7508
8454
-5252
7257
-3193
3876
-3033
-4574
-3330
-2518
2275
5485
-1070
-4063
657
-5527
-3009
-7725
8099
871
-2076
-9561
8939
-8972
7867
8925
-1860
-5341
1040
-9342
-3454
-883
1521
2740
4193
-2787
-4801
1765
3852
430
6965
-8273
-8681
-4147
8384
-8431
4254
-7135
-6451
-3766
6148
-4096
-703
7948
-1572
969
-1148
4261
-9866
-8452
-2680
904
9407
4118
6508
2301
4537
-8253
1501
-4736
-8752
-5683
7434
-7392
5458
-1509
-9436
-259
-5776
7068
2277
-3103
-9658
-8630
7257
-4162
5460
-8976
-8460
517
-3117
536
-5925
7615
8347
8687
-1001
3996
-5833
6487
-4920
2421
-1292
1024
-2194
-6820
-2667
5091
7162
9769
-2524
9560
5958
9628
3068
-2352
8522
1396
7861
-2528
-468
-7623
-9243
-4916
-5364
-4300
-7984
6730
-4622
-8497
277
2981
5872
6871
-5535
-4115
1183
4149
2243
-3101
-6965
8321
7009
-3717
7512
-4751
-4445
-8142
2918
-6499
8582
-5382
-6889
9898
-4151
9311
7871
-1995
2180
5290
9634
4537
-7499
8205
-8043
7303
1837
-933
8739
-2617
6065
-669
4651
4053
-1229
-433
-7515
1707
-6397
-3880
5786
-7884
8344
2659
2017
3298
-4930
-314
-7018
-7629
-2410
-3873
2744
9768
8804
-3577
7183
6053
3521
-3346
4902
-236
3719
4129
-984
6034
-9964
6596
8842
5939
7342
-4379
3723
-5725
-5195
-2778
7397
-6561
877
-8498
4430
4319
-6968
-2028
-9738
4973
2610
9698
-8710
-5724
6535
-5781
917
-826
-2613
429
4260
-4582
-8177
-936
9871
-4065
-3681
437
-2349
2853
-9335
4862
-8991
7921
-7918
-9497
1273
-2617
1327
-764
-7355
7931
4627
4923
-877
-8016
7589
-4606
283
9759
-5520
-8743
1059
-5480
-7800
1730
-3487
-3969
-2615
-2480
-1091
-6201
6968
299
4017
-4755
5965
-800
1382
441
7444
-9956
-2673
7506
-8932
2987
4208
-9030
2831
-4466
-4524
1990
-3661
7833
7690
-7360
6927
-5874
-2429
4706
6730
-4613
1232
3293
8734
6227
72
-3652
2030
-4313
-1883
-588
-4368
949
8034
-6035
-9782
8836
-334
1113
-1054
3248
7848
9654
-6211
-7854
-7671
-7564
9160
-3776
9687
-3538
-4595
-9505
3177
98
8635
4193
-5224
2218
-6047
-6437
1060
-1182
2170
-4092
-136
8376
-5937
9946
-3436
-6235
-8194
-1206
-5475
-6630
-1131
6149
6394
-9844
757
-2032
3959
7428
-3255
-634
-1060
-4948
7866
-6696
5935
5615
-349
8942
-3197
-6321
-1410
-727
-6292
-6089
1464
8775
-1445
-6301
-5963
-518
5198
4489
-7789
4097
-8336
-7629
-2055
-5753
-7656
1977
8847
1211
4181
5890
-2141
-3282
4293
-9455
-8291
5739
999
-5476
-3920
8088
-606
19
-5591
-6365
1713
5429
8511
-3419
-9086
2872
-3890
5663
-6874
-5594
5893
-1979
2754
-8582
-6340
-46
9215
1032
-7939
-9634
7606
-940
1570
-960
4961
4686
-4515
18
-3082
1633
7646
2021
-4347
-2856
-7747
735
3917
-4274
9558
-3038
-8942
9519
-1405
1120
7564
625
-9031
5514
4284
-4983
-4876
9899
-3087
-6895
-8341
9688
-4262
9820
2408
3886
-4302
6677
-6631
7772
7530
-4021
280
3669
-2916
2644
-6646
-109
-4265
-4771
-9376
9426
136
5767
-992
4604
5209
1164
8029
58
-4283
-3561
-4083
-4509
2008
-1514
-9948
-8543
-417
5818
7532
1082
827
-1564
9948
6794
1050
-6749
7656
-6039
6288
-9170
-8976
2846
4714
-299
-5788
8715
7879
-4158
-3098
8366
-6902
9262
-4035
-9178
-6986
315
-4721
-8677
3737
-9975
4832
6464
5772
-9899
-6259
3862
-4122
-3562
-3925
-7650
2218
-6673
-5722
-9158
5434
-4031
2457
8288
6822
-8023
3483
1905
3634
-1203
417
-9372
-3804
1971
-4993
-3953
2248
4589
-1139
-1288
-3636
-4321
-640
5936
2924
2670
-5107
-5823
-8121
3649
4394
-8011
9096
2410
1229
2518
9954
4007
-2265
-1230
-2916
601
3435
-4282
6542
5949
-2945
6783
-6780
323
594
3457
-9901
-5682
6478
9695
8332
-9836
9051
1108
-273
-3093
625
-714
1037
-7011
-8795
-5592
-4595
1076
-2226
1176
242
-3103
-3205
-1973
-6091
-8866
4376
-3222
8350
725
-8561
-3557
6748
-5882
682
-2675
8253
-8142
2933
-4543
6424
-8535
9885
-8650
8709
7717
-3052
-7670
4891
-4036
-2782
-9378
-2867
2948
-7121
8446
5829
-272
5430
8143
9092
-8302
-6691
-7616
715
7956
-4460
5216
-7557
-1593
-5783
7351
-7577
4330
8803
-8267
-6387
6784
-3336
3182
-5685
-6993
-6930
1792
7213
-1848
3978
-2592
6019
-5367
6726
-7963
-8359
4835
-7239
-5811
6711
1108
6084
-6384
1231
-2146
-398
-7429
7822
2499
-3007
-6781
-9699
-3492
-1858
7263
-340
-9877
1385
-737
-9200
-8558
-8238
-3096
5649
-557
6655
-9235
-320
-6790
-246
7510
5342
6640
5164
6998
2150
-3165
-1127
-3563
4512
-7035
-435
-2180
-8562
7871
-10000
226
-7226
7472
919
-7627
-2902
-5649
-5020
-7079
3585
2105
-201
-4788
788
-2072
-7106
-7912
-929
-7067
6912
-1459
-694
-4462
6576
-3080
559
4561
4029
-6481
-4493
-7689
5703
5353
1574
-6582
-1080
-8276
-3428
8998
23
-9001
1246
1427
-9686
-5287
1554
-3137
8888
-4668
-8175
7997
-8839
2946
630
-6677
-8563
-1069
-7637
-1796
2188
-6866
-1003
-9722
605
3033
-4855
2391
-4775
-8038
7035
-728
9950
-4190
-9419
9288
-5824
4388
4489
9241
1589
-1201
-7269
-6939
-6914
9438
3982
-3200
292
-6623
-7281
-8743
4927
-9771
-355
1269
-4327
3050
9306
-8460
-9979
3979
-4822
-6816
6019
8461
-6486
6006
-9931
1141
-16
-4570
-6497
738
1293
-7963
1298
-7859
-9762
-390
-4060
-8843
-9034
1724
3498
107
-1907
-3761
-2309
6966
-8365
2302
3470
4256
1126
-7107
-3851
-5510
7820
-7778
-8941
6774
7663
6407
-6431
-9750
-2566
-4892
-9363
-3570
5771
448
-7948
4453
7762
-8574
9608
-7440
-9187
7684
-2257
3894
-1227
431
5190
9098
6666
3959
5793
-9054
-6223
-2932
-95
-9856
-4259
-9318
-3388
-7517
-4116
260
2881
-6621
-2697
-6338
-6883
8170
1052
5952
-9204
-4968
-7910
-2305
-2860
-1407
6413
5690
3771
-7163
-2636
6413
6379
8084
-9601
8500
-3212
-5777
-1115
-3884
2757
-4849
-9024
-9861
2021
2085
6128
2685
3345
4046
-1431
9728
2836
-1953
3637
3995
7439
4699
-8802
-7799
-5316
3186
4483
-6979
-1998
775
-2605
-640
-1334
-621
3632
671
7650
-2627
7929
2184
-8349
3403
-7165
3202
-4035
-4628
9747
-9812
3679
-1401
828
-8785
718
-5993
3025
6055
-2400
-3035
-5578
8702
-5031
-403
49
1036
-8982
-536
363
-4678
-4130
-2285
5187
497
5983
2183
2247
4120
-1590
1921
1594
9473
-430
-1950
-8506
8569
-3112
7403
5081
8692
-3264
-8142
-8811
-1141
7675
-9187
-4805
-3202
-170
214
8
7299
7621
2837
770
4049
5895
-2049
4090
5044
9202
-7037
-3124
-3839
9292
5237
4159
268
802
123
-6327
-7638
7536
9623
6016
6217
-4670
4227
-7364
9704
-3913
3282
-2003
817
6020
-6888
4552
-3674
9665
4447
8923
-1164
4329
8841
7480
7426
5361
2434
-9274
6869
167
9140
-9570
7716
4720
-1454
-3695
-2770
841
-5278
-5336
1544
-7800
-5281
5311
3504
-1851
-733
961
-1185
3422
5428
-5123
-7503
-6802
-5814
-7230
5005
8323
3250
3763
-5923
9355
5580
1783
-5506
-8318
7778
-1844
-3653
9070
-1142
6460
7711
-909
7078
4315
-5188
5632
8637
-670
-6968
6863
-1091
-6423
1078
-5312
210
-5024
8726
4805
-2995
-807
-3706
6524
9765
5890
1325
-6118
2784
3116
-1312
-6227
-8636
-1416
8074
-8379
-5289
8507
639
5860
6432
5958
-3652
-4851
2955
1182
8653
-1094
3382
9708
3301
-2957
3654
6719
9230
-5752
6580
4758
5757
-4471
-6998
-4092
9225
-5703
-2568
-1261
-9261
3848
-7424
7586
5638
-7040
529
319
9925
9380
-9304
-1046
8891
430
5551
-304
-6388
-3707
-2978
-1790
1205
-6606
-2925
-9285
9800
5072
414
-7674
-3640
5325
7978
4848
9241
5249
-1677
-6113
-4665
9166
-7704
-7793
1980
2489
-4380
-8868
7911
7237
8170
2557
4451
-5396
4513
7146
-1435
7432
1734
-7210
6489
-4370
-3518
9748
-8665
874
-9244
4850
-2602
-4887
9155
8214
-6348
7540
-8192
8822
3901
1700
-1894
9546
-5674
-6530
6861
-4654
3561
5490
4951
3647
-1029
-7893
-7530
5585
3132
9665
3388
-4763
-7250
361
-4128
-1525
8159
-3128
-904
3223
832
-9960
6875
2311
-7560
-5409
3980
-7834
8044
-8763
-6075
-5583
2425
7346
-2621
-1794
9508
7686
4896
-5769
3854
4693
9439
4403
447
-1280
1483
9292
931
7313
-2854
326
-4127
3920
-3171
4149
-344
-7522
8639
-6168
-9728
6287
-3618
1859
-863
-5402
-4440
-1114
-5465
5877
7471
-9917
-4036
-2557
5286
2763
-9589
-9865
4876
537
-7576
5454
-3450
5182
-2596
506
-5301
-4698
1291
2566
-2140
-5783
6622
6436
740
2091
-1800
-1660
3688
9358
-5904
9353
6121
-6588
7481
1037
3364
-61
5881
5822
4088
-7369
8181
9133
-8475
-1738
6613
-7386
7780
-5126
7641
-5224
9418
-8779
6779
-9595
-9205
-1018
-6486
5897
-2634
3945
4541
-5770
1776
6349
2269
9445
6154
9891
-2691
-8580
-4053
-2082
6408
4826
-9527
-9634
1672
392
6128
5444
-1585
-3899
8757
-147
7505
7954
-2272
-8753
4964
858
-4574
-4048
-2253
-1356
7306
986
9473
7605
6593
-8675
6826
8409
7734
-3860
-2526
6415
-793
-7698
-4535
9993
177
-6402
522
-2431
-3288
-4152
5526
-1781
-2292
1038
3874
-2925
-9670
-4987
237
-7423
-9345
300
2339
8271
3162
4520
-8401
8874
-5808
-2016
-9037
9813
2891
6458
2670
-8255
2092
8548
107
1710
5458
-6227
-64
-6680
2598
-1477
-9387
9226
-6206
9347
-8366
4980
9050
8247
8996
5083
-9135
4741
1094
-6460
-1228
4215
52
-7663
9361
-3252
8175
-7044
-1840
2651
-1722
-7779
-8160
-2394
9942
-7213
3220
-7446
1202
7462
7893
8197
6203
7601
-457
-4057
3497
-7965
3702
-2810
-4534
-3319
-2132
5586
-7255
-4862
-8642
8061
-7187
-4926
-5859
-9441
-1167
-7528
4835
6389
5271
268
4597
5895
-7740
4501
-4703
4216
3587
-3954
-3922
-3629
3879
1015
-649
834
-5262
-6974
1914
3381
8197
4623
9548
1081
-5845
-3617
-357
-1913
6680
7423
-457
4056
8676
-8001
-8675
-6645
-1357
-3743
3055
2944
8129
-3875
2573
-7690
810
5234
8079
5134
4613
-8658
9084
219
6396
-4077
2180
-2735
-7824
6701
2058
-5633
-6688
7826
-6361
-7267
-5231
4145
-7351
-7366
9775
4856
-8403
-7531
-8619
559
-5989
6281
-6123
-9210
7277
5549
9172
-8039
5730
-2882
-5424
8515
1567
-4395
-3717
-1303
-1741
-6934
3373
235
-6423
1254
-8147
-3177
-7014
-9113
7185
-7345
-7064
-3574
-4704
6367
-7682
-2845
6671
-8803
-2856
-262
8583
8288
-5610
-2639
2657
-428
-2375
-5303
-1219
3746
-7844
4454
-914
2288
-1962
-1973
-2433
460
-5641
-9216
-2286
-5471
-4992
7082
-1665
-3364
-7319
1743
-3322
6770
-1542
5348
1054
1066
8612
165
-3869
5663
5717
-415
218
1646
-190
4415
-9347
-1443
-405
-2292
1564
-7628
6200
-5711
9306
5874
7801
6403
8397
-9754
-1444
-2542
-7822
4542
7746
227
4153
-8091
9811
9591
5141
7741
4716
1622
4305
2691
2448
498
8741
1531
-4772
9506
7281
-7266
3780
5456
-7764
2978
-9630
3480
-2083
4578
-7892
-5610
8825
-8423
1005
-5212
-8162
-4705
5598
-7531
-4729
3399
-3203
-310
-7770
5385
4218
-449
-3579
4914
1762
-7631
8781
-9064
3713
-7547
4882
-4531
3143
810
-4232
5135
-7118
-5135
5639
2675
9305
7394
1103
6544
-3212
-9441
-7903
-4886
-7116
-2878
-9824
2837
-3489
-3338
8541
-5447
2597
9018
5613
4164
-2973
-562
-6005
-7851
-8991
-3
-9704
-6767
5917
2355
-8479
-4762
-5343
-8164
-6332
8966
3113
-4361
-2175
2583
-3114
-8978
-6136
-8084
1593
-954
-1231
5619
-9855
9938
6234
2007
1488
-1500
2854
432
-6712
1917
-7392
-7386
-4473
-2181
-5221
-5275
2577
-9814
-4527
7415
-2640
-1000
7937
-3884
7366
6450
23
1911
8584
-4448
175
3707
9990
-9843
2805
3456
1034
3826
1228
7508
7599
5303
-9453
1091
3140
-1353
-935
-1170
9196
4388
4068
-4193
6007
3825
-5086
937
-957
-1447
-4918
-6586
-4005
-4491
-407
-5452
-5381
-9558
-2134
3974
-3860
1685
-4880
7439
8910
-3378
6477
-9295
-311
-8727
-1840
2455
-4045
9762
5887
-2389
-1084
-7264
7852
-8027
2066
-7721
-9937
-9278
-1733
3722
-4880
-7855
-2586
-3532
-3298
9387
1241
4398
5315
-6093
-2139
-1551
1475
7191
-7400
-2174
32
-7431
6927
2551
9395
-7646
4642
447
4875
4971
6585
2668
9809
-3285
8201
4544
2152
-405
7806
1506
3043
6496
9645
-5305
3751
-7186
1698
-8319
-1713
-5506
-5018
1322
-7864
7716
6927
696
4656
-467
1662
8019
-3880
-4050
-5000
5251
-9917
5856
1207
-1575
-7332
-7689
-343
3973
-2104
-867
-1289
-9160
-7204
-5797
-1886
796
-3081
3699
-6299
-7615
5575
3240
-9693
-3086
-2461
5452
-4260
7036
-4284
7176
9596
-3638
553
7787
5319
-2952
-6682
-152
9362
-2675
9969
1646
3545
-5305
6461
-7040
4398
-9560
2993
7341
-3798
-9654
5391
-5698
-5373
9395
-3120
444
-6391
-1139
5076
94
-9282
2977
-8143
7894
530
-5987
319
-7266
2677
1583
325
-5384
-8788
-4758
-2479
7346
518
5480
-7440
-7988
7063
-7289
7277
3321
4438
-5544
2557
-7747
7817
7530
8436
-391
-6153
-2907
-6477
-5524
5570
-4177
1009
3120
7965
3079
7748
676
5379
4780
5822
4970
-7306
-7400
-6063
4298
1100
3088
-6864
-6283
-4673
4688
-6099
-1858
-7560
5610
3082
-5896
424
9528
-4854
-5585
-7565
-6643
4367
2757
-405
54
-3679
-1421
-3581
-3438
-2692
3344
44
6161
7274
3459
-9934
-7469
1063
-3618
2373
-4453
-7191
3900
6047
909
-1739
3496
4547
-5405
-1974
-7887
-4245
-8823
1049
-1102
-7432
-5017
8321
-335
-1297
7533
501
5908
-1521
1992
-1289
-767
4265
628
2781
-6154
-4066
-3389
7007
2135
-8466
8203
-5332
8433
-5122
-8788
6323
4781
9300
4323
-8404
-4494
2311
-8942
-5357
-2568
-9978
1850
-3461
-3105
7386
1827
-8836
4433
-4657
-2386
-2932
2976
-5049
2211
5995
8146
-1751
7971
5112
-9469
6968
-4686
-2321
2339
3704
322
8351
8731
-9060
6520
-1585
-412
1448
8779
6975
-1965
-1583
7478
5045
5437
2937
-7920
-5184
-1080
-8775
1358
5992
2751
-5709
9880
-3023
4745
1310
3897
-9250
3476
5311
-2428
6570
7992
-3286
-3229
-1822
2067
-8970
604
1663
-320
-5139
-375
-5201
-851
-344
6844
-8416
4879
-3
6037
-6986
-1101
30
3512
-2145
-5770
-972
-1259
3290
-266
-1646
-7061
-5298
6514
298
106
-6006
-4893
-1102
-2758
8001
4833
-7026
2449
-825
3243
-187
-906
-1326
-3567
-4557
6965
454
2345
-1023
-1464
8843
-4207
-5266
-6344
-2849
7112
5541
-9405
5101
-2763
-6803
-7083
-1563
-8084
76
-4110
-60
-7227
-2230
-7382
-1441
-5976
-6981
-8576
-9342
-9153
1762
-2462
2758
-416
-8438
342
5884
-8443
-2603
-6715
-5747
-7049
1078
8910
-9909
-6068
872
-8264
9451
-6458
4369
-5562
-3223
-4973
-1355
-2568
-1751
1775
9859
-1545
1153
-1705
7341
-7715
101
9111
8762
-3042
-915
-6908
-158
2711
3615
-2857
9792
-6824
6393
-6407
1887
-5211
774
-8670
-594
5817
-4079
-567
-802
3480
4619
-1574
3993
6409
5277
-3899
-1925
5832
-6181
2194
2733
-9834
-5707
9464
4871
3661
-180
8776
7561
-4584
-5235
-6290
5792
-3786
-6765
-901
3020
7989
7876
3572
-143
-4915
9946
-5901
1425
1856
1313
6481
-9058
9532
2933
2251
7010
-1614
9375
4952
4532
-2372
-6369
-5094
-639
-9469
3695
6901
-82
5030
-9586
584
-5521
9761
-9374
7941
-8082
1316
198
-2376
3987
8617
2190
-8677
8309
572
-1970
2662
9720
-7710
2757
-5427
9945
6219
-2092
2173
-3804
-2702
-9896
-6236
2016
-6059
6357
8206
-6910
-4428
-8933
4281
5380
7521
9779
-145
9878
-362
3012
-757
-5546
-6509
7576
-2172
7938
-1811
-27
-1952
2354
-7098
2949
3261
-1971
-2205
3240
5641
-4759
-1640
-4757
9816
9119
5778
-8217
4829
4022
9533
-7717
-7650
5652
-1947
4513
5825
7226
-5881
9282
5314
2753
-8489
9467
1652
2191
-3802
-8172
-5541
-624
5793
7486
-3821
2607
2758
-9163
568
-8486
166
-7375
-6813
3483
-5736
8717
6154
-458
2959
8964
-3442
-4537
-9892
-561
2222
980
-967
4563
-3233
-6161
-5899
-2737
-7271
-8036
6606
-3717
-6669
3639
8370
6004
2995
2246
-6033
-584
5526
7118
9477
-1955
7711
-828
2390
9187
4082
-7798
1460
-8075
-358
-8676
-3862
6631
-9707
3573
-5819
-9046
-7299
-939
5360
7104
-9867
6964
8040
-805
-2313
-3548
6976
-3698
-9349
8254
2160
-2704
-8751
8726
-5272
5485
5691
-1089
3062
-3198
4756
-1998
7595
8089
-1531
-9422
-827
-4913
-4604
-4121
-6459
-6605
3793
-7960
-9978
1599
6743
6437
-1896
1343
7636
-2879
6684
-7147
9344
-6711
-6877
-2164
-5157
1164
8098
2141
8971
-269
-5434
220
1218
-7703
9748
-976
-4822
-9614
6703
-7520
6982
-436
7054
62
6769
9399
-2453
3088
2920
4227
-8436
3841
5515
9997
4506
-1874
-5852
9334
536
8732
-2413
9668
3895
9573
9444
-8255
-4790
-1111
596
2581
-6782
-7110
-8333
-9721
959
520
-6758
-8848
-2672
8121
-5153
3248
5636
-1279
8708
-9881
-1064
4214
546
5616
-1009
6905
7336
8673
4928
-3256
125
-8673
-6897
8427
5164
2851
1073
-4574
-4506
-6594
5588
-6833
4464
4591
-7607
477
-8763
2096
3639
3292
-20
5078
9999
-4307
-781
-5553
-6345
-7664
-3290
8104
-3475
-6965
-7526
7886
4199
8681
5815
-1512
-2131
-8678
-7436
5297
-1363
-5489
1119
-4172
1673
2095
7881
-5518
-5879
-2752
6841
-5462
5272
-6883
-8493
-6218
-6290
2075
2373
-1377
-5533
7907
85
-8831
-235
-5993
9908
-1058
-5806
7373
9362
-4422
2468
5892
8654
9952
-5267
-8749
-7247
7958
5112
-8598
-1924
-2836
7559
5228
7300
-1196
7990
-6241
-6651
3521
7377
3959
-216
7761
782
-9068
-2812
-6605
-1171
9371
-4736
3127
-6219
-9049
-239
2988
-800
-2648
5384
-4747
6033
4566
7424
-6304
-2986
-6844
-7080
9180
9847
8568
-9358
3701
560
-1623
-2213
-1611
8775
2399
-5769
1140
2141
-7987
-2539
-6544
8826
6820
-1668
-6318
4847
-5779
-7762
-9163
5425
-2826
2933
4337
2030
3331
2640
-3996
5108
-137
-7905
-5828
-4777
8776
9636
-7481
-197
5190
-4121
-9878
-8364
3989
-7678
-1644
-8897
3474
-7549
-616
8776
-6193
-8231
2496
3292
-7500
-1
-7686
-4133
-710
-6508
7342
3411
-5352
6843
-6134
-8291
-7587
5998
-8557
2268
6563
-2818
6717
-3099
-5581
5349
7908
6729
1666
3525
5891
5327
-7280
-7556
-8168
7475
9487
4350
4510
-9689
-1503
-8349
-6507
-6769
8966
-7073
-4353
-9691
7052
-9698
1939
2416
-9093
7879
4914
4020
909
5333
8697
-6731
-654
6588
9048
4293
-8932
-2932
2422
3240
2877
-2023
921
4483
6643
-699
819
-9906
-6366
5599
-5960
-9891
8514
9800
2905
2515
-8837
5019
2558
3256
1006
-8042
-7015
3788
-6611
-3895
3387
-946
48
6723
9947
-158
-7499
-3028
-5549
-5103
-7173
4115
-260
2496
1933
-8825
4905
-8933
-4455
6168
2232
-6628
-7251
-1423
-6619
3603
-2547
-4812
6154
-4634
-2521
1748
7762
-3716
-325
9044
-5382
-1011
-5302
-2625
-6246
8856
-3827
8636
-9199
-8951
3518
4204
-2904
7142
-9100
-5143
-5663
-7986
8879
6990
5448
6657
7543
-8187
-2114
-3922
372
-5036
3616
-6054
2063
1884
743
-3111
-6662
-8861
3248
-1854
5212
-7585
-6406
1951
5720
-9627
-7149
-8704
3406
-5812
-4538
2980
-9619
-6262
867
-5063
-1139
-1261
-4818
7918
4170
-6502
1847
9405
801
8577
-2153
7087
4651
-2041
-9507
6562
-1106
8506
4273
2486
-8075
-6373
928
-2112
-3122
3867
-8192
3869
-3696
9571
875
-4555
4325
2398
-8632
-1875
9215
7336
-1279
-3658
-4050
-799
-2996
5044
7655
-9767
-4575
-7773
-8428
4856
3472
6406
-6996
5982
2775
-976
-8285
7589
9
-9605
5597
6098
7748
-8308
-866
-1047
-3692
-3649
-6842
539
-369
6749
-582
-566
3448
-5204
675
-4845
-3771
5667
2545
3555
6555
8396
-787
-1833
5308
-4370
3487
7842
4031
-4679
-7321
8471
1783
-2451
-4843
7062
3954
6664
9992
-9991
2733
-2737
-5330
-9175
37
1021
-8065
-8391
-1595
790
-6262
4124
926
-617
330
-8676
-1043
-9977
-1625
-2027
7842
-3874
9574
2319
6341
-7969
9209
5367
-434
9889
-3947
7672
-2108
8625
9765
-5092
-3324
5079
-876
1530
4639
-1563
6461
-5784
-4210
-5074
8927
-4193
7786
-261
-4181
6836
2145
-6757
-9808
-8939
9265
1019
-3972
1384
4489
879
-9627
7241
-9971
7620
-1486
4562
3432
-2918
-9352
-7430
-1242
804
8122
-7630
2763
-5199
8352
-46
5644
-8676
-2914
5715
-3775
-1458
8608
9818
-571
3344
8012
0
7592
-3524
1026
-8540
-165
-2681
-8030
-4827
6276
6930
2567
-2589
6320
-6538
4773
-2705
5512
-709
-8417
9065
-2593
-6960
-8550
-815
-4791
1814
-5476
-6640
-8582
-720
-8845
-380
-9912
-5788
3437
1144
656
-1239
1664
8943
-5225
374
1102
9275
-174
1843
8286
-7515
-3875
-8310
4203
2583
-4392
6723
-9892
-116
8598
-1698
4474
8123
4183
-5176
1561
-2886
-9363
-915
3275
6001
-2503
-4915
1122
-4876
8493
2349
676
4480
1651
-9092
3802
-4311
1632
-3543
-4418
1228
-5512
-8222
1123
156
-236
7176
-675
4604
-7813
4498
3110
-869
-9668
2635
1950
-9542
-6074
2288
-7420
-3401
-5719
-2707
-3489
-5027
2201
-6025
3397
7183
-6643
-1000
-9247
4287
8891
7778
-8981
