-3.7764742058612182 0.9128915162075169
-3.5260879011652255 1.5251547883816436
-3.0358680754824237 0.3420926175938943
-1.3476469495354768 2.2004467806161259
-3.5410956130905942 -2.5042758952591231
-2.6112822429600140 -3.8171826278809324
-4.3070620450108894 1.6588566196491912
-3.3486847193748881 -3.2819268500392043
-2.9141056055912409 0.3280983182722317
-2.8507349860891291 3.7124748723101102
-4.3779820723959917 -2.8693470967524553
-4.0338702413703098 -5.4015380868206346
-3.6939166641737851 -3.1544716951286982
-3.8865478962447302 -4.0062659657559729
-3.1085746262271101 0.9742362135047873
-2.3685974103368950 -2.3940671259947393
-2.9830357118119331 1.5983024610263201
-3.8795398934742495 -5.3659591781194731
-2.2726901164414368 -0.1481666481903339
-3.0674288428636096 -3.7222824784453934
-5.0579546315265320 -2.6442477201702657
-4.3570751057192858 2.1277674462870193
-3.2989858068693447 -3.5730344698474483
-4.5832499820104955 1.2388612673132426
-2.5958460618455526 1.4906107200421685
-2.7500228147543266 1.1966437043061284
-2.7025714977479374 0.3090642981908878
-3.0736612272740702 1.0200115996403487
-2.8844589443432289 -4.1494663806199572
-3.6095110256422811 -4.6679793452416103
-4.2873577904265403 -3.7706528605237066
-3.1787020072378551 -0.2320145775819569
-3.3679184096704335 -4.5126035837420400
-2.8127418664699686 -4.8124974288940114
-3.9601451118239144 -4.5018267266176526
-1.8165272728931516 -3.4608125764728497
-2.8632191698401419 1.2721057827031723
-5.4036462877353930 1.1396522572838659
-0.6260036919106531 -3.1628415498351479
-5.3853007452496113 1.9722427774506086
-0.9937194658957433 2.0004778391170586
-3.4691574260615878 1.5257293194273771
-1.7002976102701941 0.7215132697140363
-5.1011856291566522 -2.7136459461863853
-3.6492644359196946 -5.6057870849327598
-3.3081148401128471 -3.6574401949527782
-3.3260464769247209 -0.3275927881711329
-2.9107571243954475 -2.5400250044357358
-4.3383348786900777 2.5118397173724194
-2.2732521786730766 -5.7445524844613374
-1.4839096361923891 3.5258371472166394
-2.5905779363731503 0.2217504545914846
-2.2405747988419646 0.6138232056145069
-3.8882380347344956 2.3281112565433246
-2.3961920106029924 -3.6785455030430168
-3.0034871676237587 -3.7334285366881437
-4.6433155782280382 -3.3642120360830852
-3.8165195684836988 0.5626165224839060
-3.3076044708075778 0.8189614022438577
-4.4315820493461278 -3.2812842867614513
-2.6467586162922068 0.8207367597133963
-2.7181170292050574 0.9323993780239906
-3.5496035835392519 1.0359506383078450
-2.9725622326583241 -3.8712236120097945
-2.6971057336840389 -3.8144163943896161
-2.7789675736933810 1.7611759734955617
-2.5699124068095012 -3.9451296971083365
-4.4172793832547974 -3.7227130391837400
-0.9127353051492522 -0.0459502984461106
-4.4618483444785308 -3.3401089581824328
-2.1902007111050885 1.4350483997827381
-3.4344041462011501 -3.7492414278318482
-3.1843697625972411 1.0433125542089456
-1.9329839088182461 2.2018416292807679
-3.2913159557850911 -3.1204210400929902
-2.0475247525324716 -5.1239926334631640
-2.5608914743509468 1.9084101847675978
-3.9700418436294100 -6.0069896250839410
-2.4062593440716453 -3.3412013120707909
-3.6708129452357414 0.8173298026632753
-3.6976665419081889 -5.3966843543772800
-4.0740506026023926 0.6878768737261765
-2.2725679069112861 2.7729887761675274
-3.5298238324401905 -3.5961509098314908
-3.7506359062393622 -4.4702659011701966
-3.8710935224472509 -5.0651466835261250
-2.5632242971708186 -3.3208290252831518
-3.5062266246317799 -3.6804789554811670
-3.9097116236050220 2.8688318608493404
-4.5203665767410337 -2.9095130658118000
-3.3821085126815333 -4.3834738141582337
-4.1598382403199246 1.9273745148754737
-2.5839235798231970 2.0733321656107733
-3.5595496321386562 -2.4625389028782418
-2.2248321840310741 -4.7045195112612612
-3.6878179595570910 -4.1275884245647037
-3.1025311674053384 0.0530317964609681
-2.1389077207664884 1.4535821886607962
-5.1230782405947952 3.2927484582885000
-2.6021182516739798 1.4829279278465903
