3.969073957 -0.764394522
1.020116942 5.7986586
1.604895659 6.295243833
0.925049281 7.123076695
4.611387937 -3.398477768
2.062748829 5.284812849
2.634007449 5.004050371
1.267796883 5.992498301
0.167993175 5.47629468
4.028707944 -1.345887178
4.608766147 -1.439936518
2.642475463 -2.870450134
1.262277635 6.797635538
3.130691207 -2.322948721
-0.426112166 7.232984638
1.213484499 6.591192632
2.777809028 -1.530725721
1.642007376 7.523328368
2.707178322 7.080842366
0.206984269 5.799219908
0.813231345 6.015569608
2.817529767 -1.161933011
4.204095637 -5.093732517
3.516064037 -2.074975816
1.690629386 7.123331328
4.835857425 -0.328001667
1.850422354 7.672469085
1.171735534 6.545073592
1.18298983 7.017379986
1.361155913 6.750578029
5.524642124 -3.952876405
4.591956871 -2.861091965
2.391186988 8.020224831
3.661580342 -0.788686143
3.01254829 -1.669933224
-0.247065767 7.811704923
0.623842637 10.64189686
3.23440365 -1.094970824
3.454245439 -3.847411613
2.803775989 -2.476230169
-2.041594056 7.254890581
4.724480291 -1.924407349
3.486492544 -2.205786201
3.447869022 -2.340282381
1.050704994 -2.455925532
0.964251414 6.13806443
1.826390098 6.764773412
-0.144075944 7.236078667
4.338713715 -0.976084532
6.325584273 -2.206569275
3.025814026 -2.153666948
4.272882323 -2.609230083
3.365179343 -1.711714314
5.67076471 -2.645842502
2.089986262 6.583801404
3.139379729 -1.807497758
0.790685497 7.115716905
1.835702563 7.553171617
1.385214598 7.619397452
2.722799493 -4.041101962
5.787785875 -2.627738499
0.260645007 6.114028913
0.591583653 7.265956794
2.546706808 6.179411475
3.289588965 -2.666647723
0.4020436 7.325847382
2.328605271 7.45750719
3.560548865 -1.634074312
5.317010059 -1.957367832
0.553842586 7.673143525
2.192711799 7.165531336
2.554452657 7.890077679
0.08365434 6.787936133
2.664508031 6.27311678
2.217428026 7.115510161
4.213583767 -1.327369722
2.289693399 8.782871913
4.984461236 -3.586575683
3.616558219 -2.548121751
1.404740797 -1.363963755
4.720138889 -4.111934651
2.459522199 -4.465801248
3.747004025 -1.290997411
0.531558934 7.355830432
0.840958571 6.506068996
1.960539679 8.684526665
4.096332972 -3.319135066
4.605559376 -1.950348196
1.521550379 8.92170059
0.619292061 6.385596427
3.831199273 -2.31921141
0.149100886 7.962570237
2.28118837 6.276136024
4.001835039 -1.753984734
4.709770757 -2.444809466
3.283172417 -1.649750743
3.68320997 -1.489174665
4.243509474 -1.516347525
3.981033369 -1.961127579
3.443662412 5.257007111
