21.048481131033878 8.301620177792222
0.1040613504448804 3.7604179374811912
-1.6360278388443736 5.401319323405367
4.733560277202892 3.8420798207039066
2.7740234444594716 3.67926578445973
17.498462726656218 6.071160471277743
23.956157133562474 5.613714410480733
8.585972974909541 4.277318033022318
18.33954770842867 8.773617725109615
20.427360535542185 15.513901500275118
22.973480982117454 11.424738909453238
6.132787820682397 11.604104678063017
17.604026018712865 10.218066827350764
19.33873622912046 10.730698835106992
25.733961561642346 15.181676666900026
7.104666226991161 7.154272521572184
5.04467332243376 2.661257564784847
5.422764775878699 7.287073479752285
4.826655302840872 9.183576215552325
6.336710331128686 0.9428188347713418
1.2135324189370391 4.912859170361587
19.521785719402207 15.66873772118603
25.038749304136314 13.953256044715705
10.572937247609119 3.608517309395903
16.58478984861028 10.186211851019507
3.187034496351899 8.812043915895725
0.3364965612130414 1.515168509211531
2.2408861666624666 0.1139432345394242
17.393984334233732 6.388445790863418
0.4325110272430166 1.7022341125469496
22.200977395529314 11.776838756127892
17.853328292141974 15.161785430147665
18.570699697874375 9.584229723378332
21.805152188400683 11.544551305974993
19.246630707795767 5.091517825673711
23.47433620395087 15.593841628299476
25.84568254335563 10.29984795146223
6.2280774725419255 6.57187103060082
22.91653106658231 6.002354646843593
11.41126139899795 5.8909435371023084
20.45730640226644 6.062482468470618
8.814802054707572 4.636094201027876
24.85358583662871 5.846874668187478
7.030931399686389 10.356115667374922
21.610394845068363 13.487127821219184
17.94456537013693 8.930292750281069
-0.0924006488072558 9.604087949292152
14.839103966777087 11.298961244147598
15.058174424054235 9.797866427453478
4.389483304170523 5.152177188531087
5.035840460638448 7.026985441406797
4.435165049217611 5.887912609110639
0.1385593093943888 10.161716499246824
24.409473199331657 11.496288028290198
-0.232729640360989 4.98015678214078
25.555625097109314 9.722093857068636
24.839485865629825 9.720995782288373
22.680834185722695 12.629581878707999
20.327325459422035 4.885663814960552
-0.2853455979079147 9.42858995408443
16.4944244378674 12.886346929350765
22.718080409019414 16.088621168494278
10.280447487820455 3.9186030492345663
21.52082528063253 5.888694461010857
21.545418752772896 15.640211361580429
25.986708755918364 6.414756954490565
5.8438756819855335 -0.0152387453303403
7.014974454861774 6.766105203649548
5.092033300732296 5.993239426160895
17.783772685644614 14.66726677977887
2.042902065872705 11.391856931117196
15.66314230573135 14.06721606001632
1.1771046363375568 4.033431934701777
22.189127509728284 5.769202982087531
6.279856247780061 12.320014493435727
15.708149239932201 11.99923369360137
14.80343498701138 3.746863748638467
6.404379357180752 3.7666676975748468
9.617173432356696 2.126242717155238
-1.5662004614241316 6.852834090305551
10.403450891125786 5.40521351714073
17.497007614434764 7.672400124113739
9.140392417646304 8.045620257751185
0.1203705796798116 -1.3609766397228813
26.09366424132094 6.975029239463221
7.949866795266793 10.314522003892435
11.299999164369622 7.819600869479693
5.1711372738437005 0.3391651741366848
26.30052978900857 11.700804469551057
2.1466280546202428 8.92670838620262
6.910631985566426 3.1249851413424943
23.60056862004039 14.146598208663642
2.587318343493022 4.769747339871281
18.222639932837147 12.09443273483511
22.48397343947537 10.782725590684153
5.115529842033252 7.547041041269348
6.671948938734087 2.190917114489781
8.206309188813753 5.797751634720334
7.216955006118142 9.560921636542625
9.358678586284576 9.667827855935476
8.53797603842457 4.9282851570923745
22.933496200644456 10.528201184347049
21.588379038297624 7.936035053595104
1.6956414133394038 12.147562521681024
23.796651525362986 6.11160450604129
18.47572797856845 6.8028461032832315
3.4101699854129217 11.268694504238452
2.2482870734309737 0.4251184580028174
17.117494656897293 10.712572350743649
4.795480587363926 2.88725457939797
3.842638317722452 4.544013112714711
20.893420406602708 4.947711015945189
25.15433064312297 14.263012526422244
22.772063545386832 6.936644831734931
24.446707543549593 15.522428598558955
4.955107852950097 11.379743103305712
16.42040885196728 9.666249980763375
20.84061721587222 10.09517460323859
21.60964450743693 16.848554278229493
22.825914917418054 11.957887681358674
20.506371583375874 8.199038139653725
25.673107687197206 6.834014431518246
5.3715082492813915 2.9247914933617762
5.230722177450525 12.1745303617288
26.177170394907613 12.500996076306983
9.258589415857209 7.241421811331576
3.6347896938931665 1.2387770311518371
5.813519717584325 5.282786676238426
14.992005972581785 3.784039616207512
25.18492358434467 14.817492968330425
25.839795845452283 8.414660746736438
4.8468251258494 5.974288760192667
25.055179325332045 6.946689011193708
18.99531768106916 8.731894358852738
0.0070541964185591 -1.4905023352466067
21.93774399341902 6.877985057731608
6.303364802303309 8.056335281165282
19.91612065652812 13.935225261784188
0.2923630044432058 5.681924974742879
7.065187322127687 6.379594436875495
21.374057365394606 15.44223936876133
11.770857387802343 13.987901874540883
16.39312423070997 13.207808832143964
19.038304713059784 6.209605434145077
15.84096462996214 10.470748789944938
23.985653149122495 12.342827016544964
25.91776305288247 10.136956783938542
1.1588732896338536 4.813591301143219
27.481486076130068 10.503658172805466
26.201561934384078 10.754993880610284
1.8689494782197347 10.44937047356421
0.8957010878913443 5.684622183566217
5.367907286502838 11.97497306115945
17.79257914422725 4.901471210450284
25.682844231397326 14.561342326702855
20.2875572064903 14.191935277239068
5.135359061063615 2.777702575339321
7.260278378146698 12.273241799719646
7.048244768676222 1.5543604989034874
2.1123317793356846 5.567256023560116
26.91176687185064 13.655632151976077
21.89239674638161 11.92677266748621
10.78349483584162 7.685323291376884
21.463809405949686 6.177932621481469
6.053791170762132 8.175544899502494
18.46297298799954 4.86862093998942
4.587277923683505 3.286802428855945
21.245589495049057 12.226027447883386
25.263388930868004 9.881940340781751
8.01359692924298 2.0123892456180585
18.543840614021175 8.043083415206022
10.240411537431308 3.1288446792304816
8.975557952223648 11.525191498159366
10.558019015223653 4.270916414922566
23.432383281953253 15.24811556390739
15.780633037159701 9.270937006280665
1.6826046616400663 8.895471769722626
6.374507866451473 8.012381618860648
8.051303000454757 5.659059983583342
3.7905340818863675 9.85879182068835
1.2419926447738123 2.912038056169654
19.956641698430605 7.919598991843206
1.349434152311629 5.841101499098387
8.669398924936218 1.0078867964498448
9.30950309695046 10.669011064578596
16.54609938433581 8.858045191850206
10.291785460950138 2.615646467482509
6.318440359284488 10.781357043486762
11.14391816852394 6.354191900670964
5.309513976671737 0.5643459427384222
17.99904704759241 11.624382864030189
10.790428328782395 9.122189511030667
2.4527830294581374 7.7018826117928
1.8288932018887079 7.115585048639097
6.2539204243544155 10.396854380177652
4.47769360209441 0.9747244001159125
27.17027134260732 8.574394807910982
25.570831110926743 6.962995010927648
23.082207546196898 7.431114440903613
6.01859037125321 6.991710898293448
3.2059220072394603 0.7732086318968273
25.13646136412059 14.200449032596872
19.932925376455774 13.397367725045676
18.74524119825726 13.438811152270663
16.17730739439273 9.498269789666706
4.267378238093218 3.3914861395697806
10.445348475037578 3.569011123525591
21.15927352037612 11.406541141202549
24.76510611426152 6.438236911074265
18.730208823839813 15.19784248800548
26.897761873174915 13.71666678447403
7.785594439745772 12.248774464818846
19.705519883005927 7.756896057703604
22.221540146563896 10.67962490395699
8.642788181437059 4.278083973767017
22.301566145726373 5.839474596315281
8.965012104134551 8.308286357716637
9.987443775397495 3.828733754964113
23.97280922193056 13.686539146589007
7.139524010987804 0.1457661263604029
7.2721334742011114 0.7590443033801435
25.454706152023107 15.354818349314566
-0.2605534806567559 7.6368633420558
2.4516571586082123 10.654123768895142
22.443317319719522 10.007724430494596
-0.175072555515934 10.64472049022013
18.232059212222328 15.645245457923812
26.128450164091447 7.745755627097988
4.29678701975727 10.366981994506421
4.210745965437823 -0.0718547962923178
2.0429502868479714 8.051779557875884
23.39830620220029 12.454517484623166
10.880298090394863 8.180723091739747
3.056463063545486 9.172561565018286
2.8748892104865207 4.396160375194203
2.8008021951088553 9.994212235919091
5.915195743027151 7.760577100141199
2.593885282475308 11.045534194080926
2.3361559688129185 3.8503857712367324
26.60106919306713 7.723658299519968
8.259148574685346 1.683042174077548
19.941043375024652 13.152512768106863
11.41434791491456 5.596777237207619
25.738544746700178 8.132238844094557
26.874035136845325 10.826271383036136
26.132977566148462 9.548626889442906
16.285002144939913 14.382458069652909
1.6179174514397454 8.476995916532177
25.45860831627548 14.346654419640657
21.237977021607584 9.538995070003093
1.340658349665449 10.541184166284536
25.167487776582952 6.045848259723059
17.259012101341238 12.126403110044809
22.768109881464476 5.281645462655198
28.421516916480734 16.490925930149572
6.587605520134998 1.773220863654126
6.081066740572431 4.101528236741298
15.04346607547477 12.55039603606134
6.767942130500811 1.970304318793831
24.017660105426394 9.26066224712446
25.861114667889847 13.333224881035473
3.533615095939243 10.22199423370646
0.4331262305396516 2.9697363970984467
6.938041585099101 7.299894783196438
18.49827288291278 7.056357028256779
20.38543864347144 13.303602443900331
18.777678862318602 12.09260520938677
4.4626269772777425 4.891924706034096
22.883611696395064 12.313004408039214
2.0439701795246745 10.443407882094558
3.298672207039099 7.545440126029485
21.196464530634746 9.082758309986719
21.454254873152344 12.813209918816895
7.375351296129076 11.93836114908006
24.95465552321882 7.199029442122915
-0.1743287646185936 5.595044509252912
2.4783912992228836 1.057853897919927
2.173992103938044 9.146792959593084
10.52173405506831 9.384542111219302
4.680539500887481 10.232638169282243
23.907369588018085 16.24487674041234
24.075430261911627 16.323445343003364
10.459019412037225 4.061932842439084
16.649703720599792 11.97922951057023
4.469044078420821 3.899806366573701
22.5466886901354 11.536499099620587
10.46039415918188 9.760583582229723
6.236052226227716 1.4130412400423422
0.2175099096699412 8.905592202316729
6.2840215931979415 8.56576895405918
20.30872254188007 4.426433754106647
23.395645776140743 4.7210951141154585
2.4794134534919645 10.674586353750664
3.3864719474745955 3.833768546414617
6.283736194505308 5.081486408384073
8.194838355694904 10.115382654884723
6.2706131368403435 0.3619576139364683
9.328899110921519 6.097392812073498
25.21240131663781 7.192136225419119
19.906401011424816 11.3748598754022
17.548745093302536 6.770724193579649
21.56657924751193 6.296864915320346
25.350764382215385 10.667651345283382
21.99907200220788 4.681243108808831
23.034907707087196 12.575840914637082
11.825010166995419 13.84640047639043
4.986795132120626 8.197044866343333
19.98177093775698 12.495345406334419
24.2214806184728 6.872595962205862
1.8043380479854758 6.800185680304689
8.098796171453964 8.799414813849165
-0.5314750885870815 7.956386394895249
5.576122101987282 5.170441534839498
6.047227074586015 3.7446383546854247
17.55136295522179 7.275978681871026
4.124686004775284 11.604499751909458
22.300741087590033 11.97528575086385
27.486220715362467 9.317784664950613
20.930537907011416 11.656869742434253
23.19798741027214 12.636301456097765
22.529216555981936 8.722670267711912
18.651887069387115 10.214024946629369
5.730374520930238 8.251498381734217
21.217515488336655 11.599250291932092
20.8198982932511 16.454400326119863
16.822245838693394 8.84795933046415
27.172270746862417 9.274976763589498
3.9196668417229774 12.286173936919827
21.157611170281577 6.415478823763906
7.840687485372355 5.937980829004557
2.869679573456966 2.10637646923432
19.11805124143816 12.551802506921591
26.567197724756106 12.065486284521148
24.55717837906377 9.009045188609434
10.543393698443847 8.178551311637158
25.3701715849687 12.132129135560856
22.832001171787965 14.68333140462723
16.091982474720783 8.694164655091635
25.38792941010262 12.645079322516246
6.567113931430311 9.280514835125244
24.0767310021856 4.7102361624723486
23.532643294486583 12.781463856267804
6.902859729368688 10.694793009116204
19.295492774291365 13.384834513811516
22.464802449919414 12.254223962875336
20.056714970941957 9.911808377406562
-0.7556485116437212 8.450666221654696
20.994949328614506 7.39320941162718
20.65865535923501 7.227756945522225
8.48574041611169 4.115607903213517
8.1509298817335 7.702401418452832
2.208023762208216 7.490058263907358
4.002833324903114 11.443144520196945
24.24761800896554 12.591889975659432
5.1213725183724375 11.564655337914605
27.08326310839426 8.795116192037034
20.157165302651048 5.171174610188329
10.661623552526146 6.69123742700239
3.768318056519598 12.252795433575622
-0.2328774429236385 7.927156153864609
17.951210253388172 13.673552566790644
24.980774127002732 14.02239856974885
22.73674967840242 6.982039081515298
19.89998308032858 8.871988812445709
23.183412540543 6.418910549748861
23.95902922519154 7.087334113443976
25.103937716323344 7.088326257583365
2.445284647768114 2.826919759291581
6.179078889947655 5.477413377438872
24.4259094024103 7.232745173273089
18.832896897346746 9.543780531969077
19.857845665321136 15.980258184920975
23.513498953178456 12.303333520103324
19.182926102299835 5.076660053909909
24.59296185503914 5.50178417449691
6.004869227527768 5.447288108882064
24.2596874228539 9.257246980350049
24.409003833418982 12.250108884946034
23.294025953670662 15.93204795673703
21.431838878668486 15.1157977442284
5.943746413589602 3.143520731122802
-1.327759311079163 8.914544369958689
21.620851022063544 10.65833547543649
6.688548720672611 7.4838286595922545
5.7504781275165495 6.950211690215735
3.6651274548663406 8.55059930501832
3.058743535814343 1.9004261416699273
6.876924953140747 6.072316185156076
9.086941859763312 5.233174891188354
22.878214157013236 10.410210641298672
6.732047539987321 11.651177841748337
9.008059969095608 5.998810987713194
0.2323130444162902 1.686087649206718
24.47591478470316 10.499198038796875
17.531524572089676 13.298602097040511
25.11350010104947 14.898789586895163
7.165704055172305 0.5109387933500815
7.249120657323379 2.094433214524107
15.998679393472775 8.474477711140315
24.510294376576567 15.213730850471684
22.26573273561989 12.569738214204921
19.786674158161333 7.1702862180001565
14.64505604144089 11.406377547373822
10.267767951273926 6.777284509271824
17.165627914307656 14.749157845720735
8.124828474896768 12.05384147454674
16.613232283165242 14.543578279019242
3.5444382139077373 4.362285167556983
6.057123909372328 9.566991936057436
24.683075633478502 7.309959371797305
16.54674270634427 6.428036693250726
0.9436550750818156 4.681617490966713
2.2081752953565013 4.512869038906551
18.031216924604394 10.422189710147158
6.677316290462265 5.044692875575319
6.8360190044862215 7.449390134090102
15.089430353705971 8.033791002281063
4.00997164755319 12.528673355407147
7.691757224555981 2.208741544009168
1.1045495806940957 6.074224762457106
11.075149971893806 8.142482811123232
3.854684485579297 2.5265608637213686
18.649203537996435 6.961049879980281
18.074831778805088 14.589787274203863
21.727166521082843 11.430859472295005
-0.2204700863900939 6.153543285126293
2.0705785882912315 6.004607517744273
15.095454935154454 7.733577627043401
21.990222116923366 16.632537607583647
7.5873960958982725 1.3935807810596175
22.306441224763393 16.572522399650136
10.949802353626954 7.87067887967796
22.85153953944938 13.482166001353995
22.120592018079197 12.185581838748229
4.477274132429076 11.766569207500474
20.068716732816302 7.632111813519006
24.860514952401946 13.851520137456488
21.359296767242462 4.872341573228138
5.267845910111153 4.543163399020379
23.84292699990161 15.330882824842272
8.811914286990095 9.936780507691473
4.867403386856221 8.263429280370225
25.025250330172103 5.54091400740729
22.242944642171047 12.554648846992716
5.038934647876327 10.254893424523063
16.03251900674585 11.678087801476412
1.934882765697592 9.583545929978936
4.355376627832962 1.7701151529720565
6.94115657610765 0.6226439013355223
20.438352557501748 13.378724277851928
2.803623681577861 4.368042192937165
-0.0230440178859327 8.235862602425437
2.911344181275322 5.906506204512605
4.800580697169432 8.218065721239245
1.9663408769099695 5.1236381911763935
19.54727773893169 13.242908815788066
18.11989615367637 11.347295526501142
7.205455131168081 4.957807463793116
9.776366321336889 6.915092430973038
0.650428735450635 3.302852789961833
26.64381519722363 12.481302936990954
3.7086263210994486 8.737365463136587
18.84513991116984 11.780284519215524
17.472304700237185 12.121319456868177
11.798428471385055 13.82496337069137
26.83818394064579 8.53661577411397
6.138871544026642 8.952619622950673
6.4076852138373175 3.364984106447925
0.4229744896705019 5.128515018052713
1.1330848025240725 0.866163046446824
6.438073419716146 6.794277544777096
24.453061928464212 9.071812558424819
22.564969761764115 5.586343045214989
10.11512820884752 7.2781633321893535
14.4798171819215 11.011556359370122
1.2993329157291962 3.251204859133809
20.359582135596863 4.4305804249776415
5.033519634405442 0.1669271758028482
4.418162691854342 10.731575858865918
5.141925446584841 4.967866166879946
19.265571714004665 5.094078117091363
1.4443442780079887 6.581041196420975
27.591591445919978 11.965567630825772
26.823649000473193 9.686436139609116
19.98359946233733 10.971638465415419
16.65254081927464 14.324966311776137
22.919316503245764 10.563244078665305
24.121165073879887 15.97967148997696
20.914456151221287 9.226631100574954
7.335601317839488 10.673625777635051
3.0792235889644313 1.8891524028260978
26.481976574684712 14.184470180930663
6.44532531125447 6.597977133605578
20.817735983958507 12.251979497483166
16.19019338636905 13.361856454258438
25.69229720989465 12.723193443937328
-0.7738437213037752 4.048812764727244
15.488424343723603 9.203646044528341
0.3319161421416529 4.216628254385989
22.09772384527857 15.097847159629408
20.448133938590722 14.785363272188512
6.939936968355948 9.309879803158932
-0.5124135434190146 8.236838388456484
28.528174110451275 16.321869168054217
7.039019189779466 4.7873418742476
16.776701009513854 12.28898799067287
27.380492314389365 11.093747958843275
15.005041134847696 10.91643292069879
19.41260839643957 5.121208809156671
17.172883404536883 8.506757905757919
8.257318790382975 11.663164445392802
22.842897146683285 14.080742105656897
16.22290503654759 11.94699138535543
16.308945433849676 8.46981981767449
5.5578359193201665 1.3829357038869328
5.34732377841329 11.393652220004416
21.01043657127712 5.939160805222352
15.550029522483895 7.807472890548445
5.97899628111933 4.078531719055885
9.461516731762156 5.472966527634734
7.030735136526097 4.242641107248432
20.48218800343835 13.152007197155191
3.6617600332739864 6.223679154152688
7.825281006841913 9.91035784193655
0.3672018050475783 7.423815304320192
3.1485716969003485 4.576021525062904
3.687926906837362 10.922746691587099
19.294183149848493 14.223290744823977
1.4436015815292838 6.541292737382617
8.288213175760882 9.168830594833176
4.031586761635364 8.466692800851197
26.686351592352526 11.584347621474459
2.9476649812442366 1.4170137383187067
14.608680164099086 10.573654517733194
20.426489610574546 10.86547608933732
17.43741828397435 15.427316447820813
2.0029643203357135 12.219384133349177
8.463498732177023 8.636041337966091
23.03257163779162 5.260217672393803
0.2925697216679739 6.870911510000854
25.444233031010466 6.230211532957746
22.09661423575599 12.369347433817788
18.887011096763917 7.370286345234779
-1.2296197067674677 8.279200773499825
16.042686135155893 11.831467587027982
4.520508063174893 8.046802176219133
2.740111635435352 10.443785439268419
22.855229120596558 8.34318856578765
7.476104528667104 3.360475058181007
5.772509748560429 10.731870560419079
6.963146859987882 6.453370321127476
1.8429636998003842 4.547778992777369
5.971150727131096 10.47959493542579
23.138519924291067 15.263724877099783
4.35417536249154 4.18524601642302
14.96178449808 3.736632467804954
8.634438018332496 10.661807361436242
15.247125081822103 9.81696859432492
19.605069259608133 9.67057324163101
22.29044305091283 7.757846743241165
22.755334281490843 16.79370524106557
5.57840799197643 6.86015942331576
1.0085663278921393 10.33816842161747
1.360965437765223 7.93789299807724
17.79306477907125 14.112434324179052
24.30385803615139 6.8668086065103
23.264694025191847 6.538553724124855
6.303405554064286 2.7224411731117484
24.65373552400997 10.071175828976829
5.312570923668708 2.7243232222357356
15.670513165339019 9.960537640981897
28.588185536089174 16.47437718735333
16.14593417935615 14.370604091098466
20.20215350489151 13.621686926785674
21.108974716117824 7.482404362792518
7.824604086073338 10.132711204319449
21.158349502205912 3.922443024985112
5.059019457541529 0.4428416182221568
0.1829485883218925 5.704841116287811
7.5235160805643835 3.0848835714045615
25.30982988893145 8.648732680776558
24.026469007821632 14.896378999259069
17.944075709902275 7.6397386685797235
17.297314948899096 12.32701581135804
1.6104619279529384 2.767992134380352
3.660569001317275 0.1137898649981218
-1.1489931247588174 6.110656523830442
-0.1593570599980781 4.741680913563347
20.924771958581918 4.937981611423682
2.3917650663387637 5.126882679452518
21.898413358666968 16.077017710459643
0.8321587093073407 7.877116521690472
7.467127380002131 11.373719530713895
1.6970683764932917 8.451703360073596
23.052731526195487 5.441105366653136
1.0363385075522205 9.361796434113232
5.767999321400525 10.013620738001189
18.76861508373436 12.343526775166707
27.75831743988716 10.412276565428419
7.926103045766098 4.568963828791067
20.114200737052865 11.41270084234895
2.1396275371920996 11.299095793406302
0.0762799690103678 -1.4235674544404113
3.616256863109691 7.307353261540798
7.248102112920758 9.239077631895562
14.713204802283672 10.682640371703531
21.352175820047844 4.1119286562549995
2.6199673079426793 5.980988830376966
15.831581730231635 10.584290428151288
8.788185295508514 3.1566857704621762
19.61909601191631 12.377412385073255
9.417249892864298 10.506752072544751
28.50629476472259 16.407788494641995
27.02489529067761 11.376261241829129
5.060840962084603 7.073119274848834
26.995859663265595 12.666764562554713
2.0352306716294244 5.195999236217818
3.755228429867254 4.528540097173334
9.428848245699855 2.825960641150036
1.2997094848050321 2.864613200893492
4.304845660540294 4.0539996544794805
20.442496722754562 11.004638807630824
9.529451998562225 6.409052408651588
1.5462653331345817 5.893906219132185
16.31716858689075 6.513623891837492
8.507249767279852 3.664209088138537
2.607862620104654 8.29953899211215
20.511925346409125 5.823563547646247
19.79935615225215 6.0158683761910305
21.970841345964548 11.495434559408565
-0.6689552158214854 7.811243135056323
7.38467910303302 2.4082152846908698
3.1912014590375772 10.119320714356414
0.0634325961283819 -1.4442401303131118
1.4271865007023277 1.209786438747963
20.73914186963929 15.322023875230016
20.447527239398724 13.24965323567936
19.37244186655891 11.077651147668227
8.39185013290662 3.38014778781358
25.922395352488323 11.81345034196486
-0.8325950358098025 4.061072851913165
1.2475773571884543 11.228508379861985
25.07746497802934 8.489107444315819
6.2059259373688125 8.710013358469137
1.3340901507247978 8.703393559877703
-0.3640570012157126 9.392241432338848
16.75146596674235 7.2588001453964175
10.278293928388768 5.082041468952226
-1.5092133235499738 5.60627949372453
24.452870898352973 12.497179251344845
9.18798271755794 1.9622429670576151
18.13648179377005 16.35198138625205
17.3370216374399 8.519081578294053
-0.1365557045409486 10.419886990645532
9.796606931107277 5.531355688599099
22.5361942715258 6.863615738437668
5.247440927019749 11.17349326667042
11.14174325582485 4.181264171310849
10.132206150371921 2.3556349492003803
-0.9972442176765668 6.571718978149604
0.5023516646854648 8.899213541683803
21.810843689370998 6.952059902742277
26.65610068581653 6.677666103660546
23.336223015398968 14.75491712204641
7.591181562772487 6.29953298048515
19.415081803585984 12.730533307923718
14.956935925165038 3.7745826325025367
27.460594852727514 8.382748012985987
22.603515402803023 15.683836704054496
4.791645869265787 3.826487981709747
3.574285646534176 4.491928370711873
23.262794888339453 15.769320861004056
3.017000820875764 0.7606213440193947
7.755970310213883 9.315693514032466
-0.4612172474700472 10.26750454917605
18.880522436529695 7.337296079977089
7.945719892362389 7.1264181158480895
5.671563078170703 12.32702122140608
16.02466028279346 7.750962254823973
17.830965279623317 12.737411705690906
4.480981695067997 2.7211472546277493
2.1744614425820172 1.3347273900412577
21.11639172322726 3.9137614958118725
6.5898673638640055 9.195933884327845
19.474370120402583 11.215407889557364
4.75137967415132 -0.271545849867724
3.2751860442232075 5.952917860574138
7.130880656475912 0.6148374225828009
24.60182497333808 5.837804580016091
4.935000819036509 10.464351198273185
23.727234724193274 13.93335444891104
3.053609524407526 -0.1359188897148236
11.71074264219228 13.843790101811495
26.921654726563283 9.606887615237847
24.86012729197201 5.978944412088992
26.404020645529826 11.747719240106113
1.0615943484350459 8.462473209082283
21.54199845217596 16.050658478349995
16.14521968351525 14.67990576453013
19.604525956850967 6.774062506746046
2.7366576835691214 10.62305540951881
16.011123413420304 7.797488784133844
23.92980395051625 8.795234428059878
0.1173600379141262 8.314379902424898
21.803153389306352 3.8319830890294293
1.552541275310488 9.382085054087964
-1.2547096340688781 4.225354582369066
21.466966088531436 5.857264696185944
0.2917773367460242 6.929962777825104
8.440420145631851 7.591974349294115
26.002785485664095 11.396773058341813
4.626559698167489 8.917778479963163
2.9396711013813346 11.407514208041377
2.4256851592653588 4.91993510903804
-1.09999905652697 7.607518439660028
7.617558396152521 11.193981122447344
24.216890256455017 8.493901400750959
3.7366194504842714 6.346673015338824
21.29854681801617 12.219939796876169
17.824343386507955 9.433817794529007
5.480773285255824 2.893846010484603
16.93208846033828 15.591945699236339
25.436209201925617 9.142628287653963
25.066906799560268 10.791204660046953
26.245032165137125 9.192375949262406
8.82550391502 7.819428714967173
8.980114815863955 3.6032690793264868
7.1977116446052385 10.353533354322842
25.878383798168493 6.6920689396009845
6.106626893902381 1.772765818232483
25.103778226906694 11.909077215672886
22.959023152417483 15.043695258657383
17.149309812233877 14.53589315327841
17.965252666021044 13.365221020603988
0.4192169089029556 2.744667461458923
20.86569309631584 16.922205709078924
2.1291109988992347 7.625713502416808
26.424758921101326 6.720227109642873
8.193607148592365 9.652828652153755
18.77249346955042 10.43562657729553
26.569752571205 14.223670175676627
5.841880652640795 10.692876433095833
8.569816484750977 11.249665296008788
7.935090028112462 2.036489834741279
10.68906132679704 4.904990280490458
22.228161066950676 15.105016587607912
2.32301559101241 11.591776731826938
6.301759334183182 12.39886188882317
10.297832937042651 7.184991033753305
3.6993875951298394 1.4906743761615637
5.497165988388294 6.36344936029677
2.9551674411694457 12.057280326660356
25.505951383614644 10.323507792977386
3.4093966200323473 8.054231310530797
7.012649398228094 9.860436557837787
16.55011589221915 14.24717004720416
17.7545914366587 8.53312430344774
5.253675787687322 11.334620687215654
23.99546173878829 8.046754807873688
6.720884603497369 2.634393426592922
20.911116879988455 10.50457785420304
4.571017579125545 0.3488387123629115
23.800332680844402 5.460526000148199
20.71231757688655 7.6547038381421615
17.562667167120676 11.803361207065256
26.777919672088625 8.985788685796319
18.43272958548454 6.862586144196776
3.520106453541197 3.294729744984358
8.17947644560481 10.507861929501544
0.2621434398433754 7.130030188656459
3.3833844918792377 9.004325771533813
8.655601128733323 7.669893858998235
-1.3693237000538236 5.109013219772023
0.8385710792579911 10.77548305079127
3.122086799757171 11.741573604924008
4.544119868899018 8.705998701922313
9.014423260167003 8.017738022535664
8.98257801259214 8.423417961102482
26.485045115637394 9.14925891902682
23.18052896724876 12.197499870505109
9.217587180803557 6.9481500603445285
5.5970512710550535 9.450293971900873
21.213121339641138 8.381921643307642
18.83515489241328 9.892194410747505
20.51457134009994 9.593453515701743
2.579187529034645 12.007232892943003
25.89726326650855 7.559823524280686
24.774391443507994 10.960506982739496
-0.0032962101685862 10.57466386719287
25.7655317007922 11.94482042585964
19.302476054105554 14.975575568943773
6.1483437832565215 7.308626043628774
16.40646452956569 9.674178884015703
20.15832254735443 14.834161244263777
18.4464667071947 8.200906605988337
6.525606931172984 6.245820830831822
18.57957584614948 7.938821603168527
4.594831313360883 7.0541965731815575
6.620217135620402 12.063925903453487
2.5376927334640556 0.7547821062723491
20.337578365641246 9.459147118647735
21.167648668373285 15.6904833668664
16.98906983589964 5.2843016108767795
4.025917377954638 2.8972903985757337
18.05300683946093 4.776773407654276
20.329048444473134 9.218691639502783
15.68442295188508 10.124040658669797
21.409237921267646 15.823296838982959
1.7433200842142016 10.174771663238584
6.899370848374037 3.3629709047758753
8.95812638797777 7.01831524189167
25.23445857652973 12.419189111883808
2.8588815156924627 1.4068465575182552
6.788420392766209 12.396182964686732
19.280673584541805 7.237215127803556
1.8033094570458006 2.235643777069375
20.181131487253214 12.610177072744198
11.00832906669855 8.478557815277046
18.842993298405567 16.611173702567168
9.522220493048412 9.5601482077964
15.908285267287457 6.23885234448816
23.561642858809446 8.119719648229356
3.5195310050375825 1.0720544633096878
9.900096966358824 9.979526475241865
3.319445917875675 4.9615061387563815
3.7575459275314804 9.760455358520817
17.928906684580937 15.795224473674692
5.847797286676586 2.496470442968893
18.073241995919425 16.037655990078598
20.496791859735932 12.678362635480402
25.163954619278552 12.925933168981025
25.031641661842944 10.674352352050153
24.153153891014437 5.918830815045991
19.455779253877132 15.006378847696586
19.216312765479145 6.154657952839247
19.67576285042753 14.582769434182826
9.560087144939486 5.927009864924847
9.68413246773908 1.7658438792131084
19.682059724556137 11.482354206385164
2.79711419250214 9.555721959738571
16.415612543251846 13.841271761689514
15.919611996389708 13.213668114727907
3.3907851062411556 7.122787166982724
25.545609960187708 6.703954394569929
8.439717717055183 1.068217547976149
25.385821758120617 7.221942840165514
3.6367189776419417 2.835398818306649
7.378594050661141 2.1275266644301665
21.740232854556897 16.906056616120967
6.150344450339752 4.42829867459398
7.884652607138513 6.55238176208313
4.786348531241129 6.688304640524271
27.36897094085183 10.939417888580733
21.103489715112712 13.689487866459286
3.8405202199161077 5.531156571954553
10.473712616964832 3.9972763552551496
22.80142998648046 10.520434809003978
6.107604177981241 0.2903376911210077
4.864153720428411 -0.2544559118308099
5.830323171728058 9.621655237464852
3.5724911714382106 3.488175476638489
18.167348884707277 13.865898815824371
7.843961340988888 1.957563648002482
19.101537927676738 8.448800672092727
20.09204836817136 11.998890335692144
2.5076640921924955 10.87447616105499
8.796232238936675 3.6293894065762604
21.23548540958708 8.49885186538108
24.90552808842944 11.058851738612784
7.232246734081767 3.451299086030213
23.315901098600104 9.675919963764425
9.868888277559707 5.641947757460862
3.0008431867234844 4.040653736859581
8.338650794552386 10.071630060749134
4.411929861830762 1.6358150978549408
-0.614453661949289 7.067519285646199
9.336722254683496 2.38672284323215
4.2038065939523435 8.353188483438009
2.5722779086545877 6.683146159955161
17.002599878070903 12.007325476926482
0.7365377098321402 2.112133657437006
6.776592151766389 7.148182607524606
18.651342071431163 15.189320108844123
7.365058578521505 1.873468073599194
16.23090986833253 12.534333747631175
14.618480700806916 11.148867624252379
6.423409351444912 4.075649070544379
21.963502417156224 16.255635145997417
1.5323006415000875 1.4650842695860005
15.807133149100485 8.076022474475685
-0.4675309219526682 9.18812754294086
27.51404898447482 8.618365658458927
2.0251450357327303 4.630837959692215
25.676097913584343 11.632008445878565
23.775944171803808 12.918378816904069
5.534532263029571 9.441829014957952
20.068597886149117 13.097973116173323
3.1889109931721586 7.246011957521889
23.21596584697209 5.165163631485021
3.741236810557699 11.66308824817892
