0.05407021832491077	4.020298188126168
-0.8294453894844663	3.395598506826097
4.153526083542038	1.3839216318384562
-2.4177006090096524	3.127194360102431
3.2365020535904296	-0.3234939811762545
3.8210624011896948	-2.390353286135618
-3.755766105539427	5.274139147204243
-2.512544981798342	2.7694179269499672
-4.496489192113565	5.833203938715132
3.7650057820092053	0.016279000265279953
0.30710683058379984	4.205962635790955
5.814010560127466	-0.3312493542171646
5.490783191189098	-0.9603697807945735
3.28065733433745	-0.6939649699637145
4.167376479586863	1.8927758357056077
0.2605793067145086	5.199803436725132
0.16405971343550935	2.24197687649357
3.956026131125619	1.1307007058309568
-1.4774009584270116	3.9794386071318186
-0.5466939834648243	5.059989659809617
3.6604330333051975	0.7160996479239219
-0.9391009112203236	5.299786185115515
-2.1138597689116727	2.573215618798888
-2.1279932559495074	5.318342484937993
3.0207503496875594	-0.7610918205349777
-2.927289253285744	4.86910823461554
-0.30147322055268244	5.614664153134072
-1.8698977244945478	5.486872410996632
4.008508471748518	-1.2845065964851035
4.36990679715993	-1.0914057751215358
5.169669975005859	-0.822111652707302
-2.9199408270470704	3.7039350334686416
4.9019687457217636	0.3247257250336084
1.0995321636280355	4.260186395214444
2.327157905003915	-1.2480086106903023
6.157659238869279	-1.5806248769660094
1.2622394864336823	4.103153171334692
-2.3363984910751965	3.007518232233351
3.8876225880425666	-0.6908305477986836
-0.38809703307520504	3.340763994662076
2.264153194195821	-1.0004742662090753
-0.6876556272975936	5.4151289720195
0.15647031077075324	5.996383808858876
5.358235711684164	0.5107108469442754
-1.1849731901535276	5.314494226724017
4.421614882180031	-0.3444968608223904
-1.5985986005488808	3.884149325475935
1.8578289240394592	-1.39840372710678
3.0357506092714703	-0.9042701665392716
-1.9894832632377826	-1.3787468486371028
2.1215355408685435	-1.0984135977809837
5.10191173836943	2.245533071111989
-0.9796716588144481	1.657305050500705
-1.9685499851089694	4.406055458560536
3.463151562145705	2.2066208173478272
-1.91722415495776	2.8711514385766317
0.5592137822479052	4.0005617078177895
4.671667433262017	-0.044174085319808265
3.2584316770255417	-1.1518326482819123
-0.5847743977699318	5.5760531096682895
-0.17641470503692758	5.150346710874565
2.445208457978024	-0.5308050153046338
0.4493078623446177	5.392008118917596
-1.351149771555459	5.181030299761045
-0.23009517337591084	3.408373794083797
0.4955009597703426	5.070946494526009
3.832023055259176	-0.8681446776279791
0.5426650700581228	5.655388604247683
0.05710019161906188	3.5369687290189535
3.6397284049586687	-0.1984219622545471
5.117326109320221	-2.311091061215684
4.202940593907463	-0.7381346349690969
5.455149292977905	-0.37543985524757284
0.13453794413704656	2.9157553943156516
-0.33929010373192203	3.916902211235559
5.443491859006926	-0.6212852642032907
0.20462264521653495	5.358303346303878
-0.8163708500077347	1.1602149352348223
-0.6096497998443299	4.1201085849998105
-0.9836818380681335	4.617548817854766
3.245149671332169	-0.6733492275391326
3.4232806264641646	-0.6534996267009199
0.5703306349305728	3.5117072176413764
5.059271547536107	-0.5397589192584733
-1.1798028108184215	3.72644274196934
-1.4179616888878839	5.354038429570322
3.095318228596998	-0.6629013536548103
-1.4896633435369713	4.449227695151182
5.277107029017538	-0.7283453245085245
-0.09856856285574994	2.9578355626918134
4.489002795711357	-0.17284054617527045
-0.839221905525206	2.3673447338868305
-2.0829877262172687	5.329046400065923
2.94844583159971	-0.09619002206795346
5.12066700984575	1.0272525747501726
-0.25354404596235147	3.4453269657870873
1.8493825842891845	4.5934186373451045
-1.4963657938600645	5.1353795429805125
4.02586209382875	-1.8768801335763556
-2.598875183527026	3.665921941385239
0.7136170687883829	5.520864605694669
4.74927290991073	-0.47143764360160767
2.047377579963978	-1.8797042154413555
-2.5984615394772876	4.891808565898314
4.333481537881507	-0.0049380253912003624
4.810138940109656	0.6171485101401952
-0.3967615043315085	2.849541934124396
3.6506149643442063	-0.011392716951624138
6.06673191785	5.956812698802385
-0.6036117617539495	5.471791725845543
0.20314248086705355	4.097900885901906
2.9563372256502767	-0.5794157671260625
6.090659500973378	-1.2036966502134376
2.6004488490396693	-0.4190235991007727
3.0380572272611936	-1.505397903551565
-0.9887982424682429	4.534551383168523
4.487949395880963	3.6449750826863427
4.344474512345889	1.163863276079292
4.258316193834941	0.001091701846819948
4.6272631874891985	1.882509015583011
4.974695979899178	1.0018843473217673
-1.9239974684469892	-1.4802838857842484
-0.15669060103500496	2.0669625693618823
0.1294880944878365	3.924892776277268
3.341657772940971	0.5972357728321969
-0.11862685392131156	4.330772726668884
0.7242018735574536	4.071200378476249
0.3550227269670614	3.886071135990222
4.294616014674477	-0.24210432774379642
-2.535653915317991	4.9236912295492825
-1.1372344640742367	3.050891039407375
0.3359210566796277	5.844591408161567
3.5094247034201427	-0.5345852251626424
-0.6064469106673319	5.700452372924983
4.324886885561603	1.56250436693171
5.506741951931895	-0.703098631246299
3.2813138487736335	0.593458640803499
5.468887921615897	0.2910542523710835
0.573233928933992	3.7683198221481167
1.4710934773456323	5.848742510620982
4.848549992636919	-1.676105436762874
3.5483837993708534	-1.4417096272102614
3.224072364989973	-0.8031652071535482
4.480524804725375	-1.9377200686090532
5.499367811807238	-0.29138012108242695
4.193254722720068	-1.3407209618685587
4.1374008237868845	-2.2387892597081804
0.006698942673259212	4.66809630906808
3.4550023055941117	1.290666588355847
4.62997795256366	1.5287555923816014
-1.2794467550893482	3.4348788070462613
5.60072722009283	-2.7821607983367302
0.2995351477311612	4.349746730171408
-3.009764368773464	4.872738407208293
-2.7046434416946803	4.466900676982571
3.136457294962743	-0.3096778762797423
0.9121048860537775	4.127811006827215
3.701173193104808	0.6366405299380933
4.19716633751804	2.222561879284252
-2.209208476450039	5.539922738830539
-2.127038796459049	4.8433520860681245
1.3800308621211426	5.825060186641213
-2.0168262898344946	2.996996560935486
-0.5298861471235845	3.2090567102414242
4.213204666337853	-2.383301936922719
0.03068993494689276	3.7345297213074637
-2.531214937221111	3.608476612765644
5.222193358672583	-2.355727543012176
3.2383999107853683	1.4878076960686202
-0.4086926025831894	5.183078664633806
-2.1572555786355068	4.322577582617021
5.105595658720792	-0.7133354487553638
-1.1504698218430023	3.9206201538559107
4.495729357284138	0.8202101839081977
5.34989731552783	1.3482424921384393
5.804377456251093	-0.2747986632704058
2.565177250703531	6.070816777701008
1.7408540356432267	5.629944533531899
0.21886062561987057	3.5860472073653487
4.06552095059721	-1.1459227570620483
0.6744193435791161	4.346147547030311
-0.6233448484201328	3.052025442463451
3.911439550415048	-1.3120723320744019
2.8057043733489127	-0.8921781272244931
-1.423791100341669	3.4061434228815566
-1.573513008165512	5.510194990841215
5.7425511730469525	5.602203736243467
4.114496034037211	-0.6447367566289826
5.28046145957382	-1.5148204559234228
-1.811692986044382	4.354722129661646
-1.5647433426922899	3.3264207892053435
-0.21490485371571677	5.651725669484268
-1.3070238080925267	5.8736430408282425
-1.9225738173966436	3.277087507816101
-0.9754185044015401	3.788057846415037
4.244891686489421	-0.6659593382342452
0.11853165434097529	3.069815274844581
0.11237141832542907	2.2974374928191503
2.987941818320434	-0.2087769400720927
5.026144530553854	1.42796143794715
3.310760023438873	-0.3141055883308246
-0.45038304038525834	1.9383443175156998
5.131252232050774	-1.3768171501846802
-0.23031973960690177	3.1716368471253062
5.184445108635409	-0.42579224718708164
-2.2051682479523627	2.3413766248719408
4.594660394900492	-1.8285584866898676
3.503108355831616	-0.19119923119240978
-3.0952981353311015	3.8533785896313617
4.584182765764432	-1.4687329178266797
-0.9353119192735336	3.138101588850491
-1.876276463187084	4.004351835376086
-2.2202817021272407	5.5486881202863225
2.4063243497695344	-0.2357211345495398
4.247261635959366	-2.0298794068453563
3.8867657897217693	1.0282431142446296
-1.1291666475900626	1.6979414925334737
5.270437481461777	-2.166140577855311
2.9068058281829363	-1.1897493343513452
5.384316297725565	-2.069561241450241
-2.849611726776842	3.672651755070315
-1.4651228386219908	3.3232033089401245
-2.2132019158112985	5.980736611045658
3.0688090500306715	0.6381348431611356
0.06604931483990922	2.192524469944744
-1.4127148990635845	2.303904027786662
4.609315279456553	0.49650536368892384
0.4976952956156072	5.64860227290844
4.073967615022722	-1.158126520033727
3.925101774588261	-0.24188592742570036
-2.460147370564119	5.811778310245254
4.256943040955247	2.4380608830270276
2.0900016308140508	-1.8929836800661095
3.868382120147096	2.1113566761733575
-3.163320027048456	4.544421374142775
5.496670850460683	-1.2599733640347153
-0.530725683252421	4.885644197169356
5.574331008842838	-1.8502870871376778
-0.7064390326143067	3.885502715449766
0.37879724375911084	5.289170497821104
2.7909424345004106	-1.6524396172754359
3.3104832811684988	0.14476119022353995
-3.406331116704096	5.914429620855177
4.87851936266033	-0.28498683574826833
5.2176496894758895	-0.3900258717784555
4.467022879674034	-1.241593240988962
3.2882916672180933	-0.15478408580507375
0.06732315156832058	5.002202027016876
2.749994255750548	0.3355569414641102
-2.1049600190808393	4.859592267613101
2.498847088135863	-0.17865888626821613
-0.13587951401639864	5.543509233225184
4.5134892195626515	-0.12267465090330876
-0.23657783689232936	3.665956227007965
-0.044231668335693364	2.4833767215305675
-1.8378706121340902	3.683320432219517
3.0282877114423847	-1.2984994103699061
2.9797301980991575	-0.8572807782734615
0.13954259555353538	3.5233758196374367
-1.6015291451567526	5.8015766987221955
5.291072371800723	0.6371500093753935
-1.976671391441994	4.778305559135815
-0.5026988096870669	5.194231022935451
-0.20907020463343473	3.8584570906899494
4.108976126175481	0.10150837048520867
4.456125156894833	0.5454073934592689
-1.7316528738137849	5.960756640876872
2.7589734857601678	-1.1823481713873583
5.340948302604593	-1.0813443828729805
3.7355636243164723	0.6012782376616905
-1.1508989236885454	5.205578546667491
-0.8210769743330872	2.7286924843772615
-0.8580687986475065	3.73289946833572
5.2707254453759695	0.6768604798369013
-0.42735706882251134	4.2186098303445965
0.4899828126764436	5.40860086499005
3.8286646089732677	0.22120423845389636
-2.2102123347702807	5.283311375479274
-0.3456095676716783	5.051445840648718
-1.5662132079415778	-2.180698056914045
0.6483075786815918	4.440137412265172
0.6217033170821984	3.8400177491458125
-1.5851439624670163	4.480771046215432
4.424753000416842	2.7446813835931385
-1.646349742405525	2.6334387897191167
-2.7809869686039685	3.3202642131949203
6.192353457677179	-1.9970357006367156
-1.3915782955836833	4.790578749026749
3.5734881383529054	-1.8878429647469415
-3.3359812791839043	5.388207994522544
-0.7772552094035519	2.949904483728007
-1.0356199424487267	3.622032687262415
4.997358922109208	-1.196216755344988
-1.2463211072880154	5.098759869458853
3.9638412690188005	0.3294175790590508
0.41066102930548753	4.609893634632121
3.224751433637371	-0.34423444802191017
0.9247697629462469	5.13543285734403
4.915498118009794	-0.6992307513729554
3.2254260721580734	-1.8459149031565123
-0.9675303416997624	3.4664137202777754
-0.48625825149431057	3.8996963100045754
5.20441123451504	1.5551941860695417
4.502505763691384	0.043599469519415956
-2.137277251251069	4.5851083303267295
5.047190363860924	-0.1351766701811321
3.453217962072839	1.8117500713587722
-1.4714905498105963	5.724402114637546
3.431713037199707	-0.011273182799248715
-1.3979842318508304	2.326185977405235
4.2496518182880685	-2.1266483862959027
6.0539302250328175	5.756334399744941
-0.5215254046466332	3.3431431019153006
-1.9901660270345576	2.913768417187498
4.84117370189414	0.003046782277684734
2.5816187073459167	-0.6428271194530146
4.720874260813315	1.4233262119344978
3.903479980152602	-0.9071172507646064
-1.0352979067301757	3.694607858625524
4.806100196889554	0.37690594132322564
3.7832629558148847	0.2640505236288351
0.4588933106080424	5.387434070610621
4.097452914809308	-1.2205101490692245
0.071781814901001	4.443158851913562
4.238549832306825	0.05863518257194844
5.057201410423968	-0.3514019019260004
-2.0743792863406307	5.4366879432579935
3.116588395845486	-1.333004189938754
-0.33927999976682344	4.72903895686994
4.215131435235972	-2.0721542259953667
2.5613844438812556	-2.257110687844719
-2.100506047731262	3.0915700396693087
0.8636913350490095	3.8279914664091805
3.552915290692644	0.7720135336355722
3.041133327795719	-1.4241481169469794
-1.4807999246407377	5.576128208313532
2.187023467378703	-0.6968486670014182
4.890592554259025	-0.4197240413375418
-2.1236345941262	3.314165327284785
-0.9470593513140865	4.110248378493502
-0.9763393184730509	4.2872972349658705
-0.7490559345545079	2.1873162752335746
5.886511206406788	-0.4914568581648222
2.3836024186527003	5.520370940537319
2.6349031496577893	-0.30176109633500015
-3.0461412581745058	5.279714601525882
-1.8107436407072812	-2.0612493173847137
-0.229705503358398	3.4866340624925183
-1.4107683884816238	3.7717610454776054
-1.0104259907462585	4.204765594324992
0.6333045366078023	4.9760930295502686
-0.9093102090509082	2.663824999899316
4.710899138200753	0.1430812301190103
2.964900561632615	-1.2550556142333935
-0.9156706695638144	3.940086140258842
-1.8150638865978226	3.9898971188101164
-0.748081447696554	1.5988009748571637
-1.9657238398314618	5.795568583385203
2.913489075944983	0.3767689718540901
4.974991503027467	1.3950360134227227
-0.4201251621041433	6.06199681168013
3.9884680367736327	-2.600570747401455
-1.1846171712657976	4.895686046738021
-1.3738788924778536	6.034659091855727
4.2507071894206865	-1.1144666201041424
4.366058442207601	-1.026609810152153
-0.8935134418699406	3.817098849932223
-0.7118093487985533	3.806369626377032
-0.37322651182917455	5.532919256291734
-1.0716832905532776	2.8761316325843826
3.1313642573140283	0.2456560289482299
4.836634680830688	2.999238880989276
3.789706515659278	0.6574619109053539
3.077183156350343	-1.2347611392431381
-0.740026759489886	3.821403640191236
2.0697755870941217	5.747583504692061
-0.7912046353492457	5.0132970746274825
0.2651004514642855	4.696103747570821
-2.25744231648094	5.249349833660925
3.562768732456561	-0.14244067185535503
-1.5710540610106394	5.028605960024883
3.877657740230666	1.2459353817475631
-0.9757732249804116	4.526722838650293
5.771722732298079	-1.665381622896589
-2.5877093667533857	3.9784656373489904
4.327605955151914	1.3579693318969706
4.212736684875523	0.06926797366738602
-1.4243488227062997	4.178596403272472
5.669800102830855	-1.1497836653595987
3.9391793173637484	-1.1360302676060878
4.308554255217742	1.5319757225186654
-0.14481232493832585	6.050111202948138
4.132935335325709	-0.16168140389304364
5.523359964801414	-0.6471867207894357
0.1719751744275917	4.010934702226551
5.631128058597973	-0.19205977273984542
3.467676810601124	-2.362612172249508
5.107703981830034	0.142525361120019
5.152579882182849	-0.7570822955630065
4.270648322695899	1.3940048179092495
1.9780425938687145	-1.9985330109273178
4.951150197816564	-0.0033603734642366767
3.753474465527149	-1.6546591865193334
4.724217622190201	-0.28088148174275407
4.506669431712016	-0.3279982572559197
-0.11787425231958726	4.956670493342562
3.5501101119706138	-1.180231549206777
-0.18486662368163975	4.741773391333395
0.45494801885163694	2.8564077744492584
0.26731041190890376	2.3540476985489835
3.333849832088981	0.018840710514069325
0.38083941902952534	5.768973626756394
3.496516555468026	-0.958345624819462
-0.7543345431884224	4.326914933788123
-1.8108669606931178	4.327637075685991
3.681192005446222	-1.5906631521664223
5.894717002483313	-1.4572712831934496
3.8028795840971616	-1.148839472702258
4.429217711091608	-0.6795781350893098
4.099366394276733	-0.3968689194314865
-0.9730242868271766	5.2126609409668925
5.35874300696507	0.8262505864255711
4.614138477516084	2.1013138573292354
-3.0410659827723387	3.9701183102618316
4.418396972611706	-0.7672344449972361
2.6857087862295552	-1.4643014634421068
-2.8387463307502037	3.6908493412593835
5.606470367876215	-1.9085060759280226
0.7595125396437856	5.094802815981843
5.189509025584724	-2.385291134840742
-1.8726816654313316	2.334396672234999
-2.8693904442997527	3.7923507995988004
2.9942025266727788	-1.3133859544838637
3.7376094929719277	-0.5770202194704197
-1.267937154851202	5.3664621699657715
-1.7593809825305287	5.4783436878308445
0.7532673945028049	6.057490695592731
1.4416339631749029	4.586441322966397
4.469307708366634	-1.1483266930776894
-0.9988632060942454	5.304808130103302
-1.5954252986784487	4.831809771396722
5.559145862367838	0.2256724484659165
-0.975318472125266	3.465516112178208
3.031128384607463	-0.8247409554688401
5.362770216464209	-0.8449026553346788
-1.6412948218383892	1.771382698070541
-1.6007914733931332	2.331906345431154
-0.7148713998925378	3.0781340586860146
4.475321258108478	-0.43898830379047604
3.328406060841294	-0.8962599525019246
3.054997162191676	-2.006424172755342
-2.0120899661283604	5.034773592887421
2.9919689272021595	1.0578694781332096
4.413363192674477	-1.1504794638648441
-1.187122053942089	2.470388996792863
6.315906053431701	-2.211081679659172
3.455825879027363	1.440780255768869
5.35089293700489	1.2342221812742404
-3.269490125499932	4.664214214371853
0.2974868313804575	5.211375151491483
0.06133820103762111	5.690022391561018
3.976238898785874	-0.7185655191600429
0.22970039504055256	2.6256631692783037
5.698853696704733	-1.872970757095104
2.6071931720138517	-2.0071674052057773
2.705587185773736	-0.8887069420317424
-1.5908253305591566	-1.7148376410849275
4.093187952151353	2.425668165857413
3.9977367129548753	-0.6342966287785579
-2.31664130039331	4.799815564688309
4.195425096085697	3.470133940324737
3.3775693016961323	-0.9934888825356643
3.120355330711761	1.1608492992959745
4.734658367794683	-0.1750770668045616
-1.154078191939473	4.439453779834733
1.1960492455953573	3.829353464636357
3.252422010279598	0.43526243347400584
2.911729384671946	0.1163984899171957
-1.8968446747515628	3.935758482539928
5.777958005386157	-2.9261667608717765
3.6772868993205448	0.7979937929301084
0.1725737964846985	3.908018139030508
-1.3552493943726605	2.8214425522872517
6.6173601580247485	5.995120811760568
4.231578358383489	-1.4195561234499636
-0.8641420383402424	4.464587109990746
5.271806615441908	-0.6066290504533582
4.932797786196842	-2.498534693153735
2.405492284077935	-1.4620680126620664
-1.2063171429790462	4.359209260373938
4.113544892430265	-0.6782380247421205
-0.536469119656242	2.6591825241861065
-2.3819950800949474	4.982540868273352
-0.48146692789036516	5.653845544379345
6.3424319027582365	-2.8902437196482667
0.524978886198924	2.9458797540502557
-1.3457728727578253	2.0018088117020256
5.4608698778772995	-1.7047582396761949
2.5410775204113287	-0.37026291422720625
4.400009394515231	0.8936707324893365
